Time, Heater Temp[C], Heater Voltage[V], Sense Voltage[V], Fan Speed[%], Ambient Temp[C]
9:12:47 AM, 71.93, 168.3940, 0.4399, 35, 21.97
9:12:48 AM, 72.12, 168.7935, 0.4741, 35, 21.77
9:12:49 AM, 72.32, 168.7935, 0.4643, 31, 21.19
9:12:50 AM, 72.51, 169.5925, 0.4154, 35, 21.97
9:12:51 AM, 72.71, 169.3928, 0.4301, 35, 21.77
9:12:52 AM, 72.71, 168.7935, 0.4203, 35, 21.97
9:12:53 AM, 72.51, 169.5925, 0.3959, 35, 21.97
9:12:54 AM, 72.32, 169.5925, 0.4350, 35, 22.16
9:12:55 AM, 72.51, 169.1930, 0.4350, 35, 21.77
9:12:56 AM, 72.51, 169.5925, 0.3959, 35, 22.16
9:12:57 AM, 72.32, 169.7923, 0.4106, 35, 22.16
9:12:58 AM, 72.12, 169.3928, 0.4399, 35, 21.38
9:12:59 AM, 72.32, 168.9933, 0.4643, 35, 21.97
9:13:00 AM, 72.32, 169.5925, 0.4497, 35, 21.97
9:13:01 AM, 72.12, 168.5937, 0.4497, 35, 22.36
9:13:02 AM, 72.32, 168.9933, 0.4643, 35, 21.58
9:13:03 AM, 72.32, 169.3928, 0.4350, 35, 21.97
9:13:04 AM, 72.51, 170.1918, 0.4350, 35, 21.19
9:13:05 AM, 72.51, 169.5925, 0.4008, 35, 21.19
9:13:06 AM, 72.51, 169.3928, 0.4154, 35, 22.16
9:13:07 AM, 72.51, 169.5925, 0.4301, 35, 21.97
9:13:08 AM, 72.51, 169.3928, 0.4252, 31, 22.16
9:13:09 AM, 72.32, 169.3928, 0.4008, 35, 21.77
9:13:10 AM, 72.12, 169.1930, 0.4399, 35, 22.36
9:13:11 AM, 72.32, 168.5937, 0.4497, 31, 22.16
9:13:12 AM, 72.32, 169.1930, 0.4350, 35, 21.58
9:13:13 AM, 72.12, 172.5889, 0.4448, 31, 21.97
9:13:14 AM, 72.32, 168.9933, 0.4545, 35, 18.47
9:13:15 AM, 72.12, 169.1930, 0.4350, 31, 21.38
9:13:16 AM, 72.32, 168.7935, 0.4643, 35, 21.58
9:13:17 AM, 72.51, 168.7935, 0.4350, 35, 22.55
9:13:18 AM, 72.51, 169.5925, 0.4301, 35, 21.97
9:13:19 AM, 72.51, 169.9920, 0.4008, 31, 21.58
9:13:20 AM, 72.32, 169.1930, 0.4301, 35, 21.58
9:13:21 AM, 72.51, 169.5925, 0.4301, 35, 22.55
9:13:22 AM, 72.51, 169.3928, 0.4350, 35, 21.19
9:13:23 AM, 72.51, 169.3928, 0.4252, 31, 22.16
9:13:24 AM, 72.32, 169.3928, 0.4301, 31, 21.97
9:13:25 AM, 72.12, 169.5925, 0.4350, 31, 22.36
9:13:26 AM, 72.32, 168.9933, 0.4545, 35, 22.16
9:13:27 AM, 72.32, 169.3928, 0.4057, 31, 21.97
9:13:28 AM, 72.32, 169.3928, 0.4350, 35, 21.97
9:13:29 AM, 72.32, 169.3928, 0.4252, 35, 22.16
9:13:30 AM, 72.32, 169.1930, 0.4350, 35, 21.19
9:13:31 AM, 72.32, 169.3928, 0.4350, 35, 21.77
9:13:32 AM, 72.12, 168.7935, 0.4350, 35, 21.97
9:13:33 AM, 72.32, 168.7935, 0.4643, 31, 21.19
9:13:34 AM, 72.32, 169.5925, 0.4106, 35, 22.16
9:13:35 AM, 72.51, 169.5925, 0.3959, 35, 21.77
9:13:36 AM, 72.51, 170.1918, 0.4301, 31, 21.97
9:13:37 AM, 72.32, 169.5925, 0.4106, 35, 21.77
9:13:38 AM, 72.12, 169.5925, 0.4350, 35, 21.77
9:13:39 AM, 72.32, 168.3940, 0.4594, 35, 21.77
9:13:40 AM, 72.32, 169.1930, 0.4350, 35, 21.97
9:13:41 AM, 72.51, 169.3928, 0.4203, 35, 21.97
9:13:42 AM, 72.32, 169.1930, 0.4350, 35, 21.97
9:13:43 AM, 72.51, 169.3928, 0.4106, 35, 21.77
9:13:44 AM, 72.51, 169.5925, 0.4154, 31, 21.97
9:13:45 AM, 72.51, 170.9908, 0.4252, 35, 21.19
9:13:46 AM, 72.51, 170.1918, 0.4203, 35, 21.77
9:13:47 AM, 72.51, 169.5925, 0.3959, 35, 22.16
9:13:48 AM, 72.51, 169.3928, 0.4301, 31, 21.97
9:13:49 AM, 72.51, 169.5925, 0.4106, 35, 21.97
9:13:50 AM, 72.32, 169.5925, 0.4203, 35, 21.58
9:13:51 AM, 72.51, 169.3928, 0.4106, 35, 22.36
9:13:52 AM, 72.51, 169.5925, 0.4301, 35, 21.58
9:13:53 AM, 72.51, 169.5925, 0.4350, 35, 21.19
9:13:54 AM, 72.32, 169.3928, 0.4350, 35, 22.16
9:13:55 AM, 72.12, 169.3928, 0.4301, 35, 22.36
9:13:56 AM, 72.32, 169.1930, 0.4643, 35, 21.97
9:13:57 AM, 72.32, 169.1930, 0.4154, 35, 21.97
9:13:58 AM, 72.32, 169.3928, 0.4154, 31, 22.16
9:13:59 AM, 72.51, 169.3928, 0.4106, 35, 21.19
9:14:00 AM, 72.51, 169.5925, 0.4106, 35, 21.97
9:14:01 AM, 72.51, 169.5925, 0.4252, 35, 22.16
9:14:02 AM, 72.32, 169.3928, 0.4057, 35, 21.97
9:14:03 AM, 72.51, 169.3928, 0.4399, 31, 22.16
9:14:04 AM, 72.51, 169.3928, 0.4252, 35, 21.97
9:14:05 AM, 72.51, 169.1930, 0.4252, 35, 21.77
9:14:06 AM, 72.71, 169.5925, 0.4203, 31, 22.16
9:14:07 AM, 72.71, 169.1930, 0.4301, 35, 21.97
9:14:08 AM, 72.71, 169.5925, 0.4057, 35, 22.16
9:14:09 AM, 72.71, 169.5925, 0.3910, 31, 21.97
9:14:10 AM, 72.71, 169.3928, 0.4154, 35, 21.77
9:14:11 AM, 72.71, 169.7923, 0.4203, 35, 21.19
9:14:12 AM, 72.71, 169.5925, 0.4448, 31, 21.97
9:14:13 AM, 72.71, 169.5925, 0.4106, 35, 21.97
9:14:14 AM, 72.71, 169.9920, 0.3812, 35, 21.97
9:14:15 AM, 72.51, 169.5925, 0.4741, 31, 21.77
9:14:16 AM, 72.51, 169.5925, 0.4301, 35, 21.97
9:14:17 AM, 72.51, 169.5925, 0.4203, 35, 21.58
9:14:18 AM, 72.51, 169.3928, 0.4399, 35, 21.97
9:14:19 AM, 72.32, 169.5925, 0.4154, 31, 22.36
9:14:20 AM, 72.51, 169.5925, 0.4301, 31, 21.97
9:14:21 AM, 72.51, 169.5925, 0.4350, 31, 21.97
9:14:22 AM, 72.32, 169.7923, 0.4008, 35, 21.58
9:14:23 AM, 72.12, 169.1930, 0.4399, 35, 21.77
9:14:24 AM, 72.32, 168.5937, 0.4643, 31, 21.38
9:14:25 AM, 72.32, 169.1930, 0.4448, 35, 21.77
9:14:26 AM, 72.32, 169.3928, 0.4301, 35, 21.97
9:14:27 AM, 72.51, 169.3928, 0.4448, 35, 21.97
9:14:28 AM, 72.51, 169.3928, 0.4252, 31, 21.97
9:14:29 AM, 72.51, 169.5925, 0.4203, 35, 21.97
9:14:30 AM, 72.51, 169.3928, 0.4008, 35, 21.97
9:14:31 AM, 72.32, 169.5925, 0.4008, 35, 21.97
9:14:32 AM, 72.51, 168.7935, 0.4350, 31, 21.97
9:14:33 AM, 72.32, 169.7923, 0.4203, 35, 22.74
9:14:34 AM, 72.32, 169.3928, 0.4350, 35, 21.58
9:14:35 AM, 72.51, 169.5925, 0.4350, 35, 20.80
9:14:36 AM, 72.51, 169.5925, 0.4008, 35, 21.77
9:14:37 AM, 72.51, 169.5925, 0.4203, 31, 21.58
9:14:38 AM, 72.71, 169.7923, 0.4252, 35, 21.97
9:14:39 AM, 72.71, 169.5925, 0.4008, 35, 21.97
9:14:40 AM, 72.71, 169.9920, 0.3861, 35, 21.97
9:14:41 AM, 72.71, 169.5925, 0.4057, 35, 22.55
9:14:42 AM, 72.71, 169.5925, 0.4008, 35, 21.77
9:14:43 AM, 72.71, 169.1930, 0.4301, 35, 21.77
9:14:44 AM, 72.71, 169.7923, 0.4154, 35, 21.38
9:14:45 AM, 72.51, 169.5925, 0.4008, 35, 21.97
9:14:46 AM, 72.71, 169.5925, 0.4350, 35, 22.16
9:14:47 AM, 72.71, 169.5925, 0.4008, 31, 21.58
9:14:48 AM, 72.51, 169.7923, 0.4252, 35, 22.16
9:14:49 AM, 72.51, 169.5925, 0.4106, 35, 21.97
9:14:50 AM, 72.51, 169.5925, 0.4106, 31, 22.16
9:14:51 AM, 72.51, 169.9920, 0.3959, 35, 21.97
9:14:52 AM, 72.32, 169.5925, 0.4252, 35, 21.97
9:14:53 AM, 72.12, 169.3928, 0.4448, 31, 21.77
9:14:54 AM, 72.32, 169.1930, 0.4545, 35, 21.97
9:14:55 AM, 72.32, 169.5925, 0.4203, 35, 21.77
9:14:56 AM, 72.32, 169.3928, 0.4448, 31, 21.97
9:14:57 AM, 71.93, 169.3928, 0.4301, 35, 21.97
9:14:58 AM, 72.12, 168.9933, 0.4545, 31, 21.97
9:14:59 AM, 72.32, 168.7935, 0.4594, 35, 21.58
9:15:00 AM, 72.32, 169.1930, 0.4301, 31, 22.16
9:15:01 AM, 72.12, 169.3928, 0.4497, 35, 21.97
9:15:02 AM, 72.32, 169.3928, 0.4594, 31, 21.77
9:15:03 AM, 72.51, 169.3928, 0.4350, 35, 21.97
9:15:04 AM, 72.32, 169.7923, 0.4350, 35, 21.97
9:15:05 AM, 72.51, 168.7935, 0.4448, 35, 21.77
9:15:06 AM, 72.51, 169.7923, 0.4350, 35, 22.36
9:15:07 AM, 72.51, 169.5925, 0.4252, 35, 21.77
9:15:08 AM, 72.51, 169.5925, 0.4106, 35, 22.36
9:15:09 AM, 72.51, 169.3928, 0.4154, 31, 21.97
9:15:10 AM, 72.51, 169.5925, 0.4008, 31, 21.77
9:15:11 AM, 72.32, 169.5925, 0.4301, 31, 23.52
9:15:12 AM, 72.12, 169.3928, 0.4399, 35, 21.77
9:15:13 AM, 72.32, 169.1930, 0.4643, 31, 21.77
9:15:14 AM, 72.12, 169.5925, 0.4448, 35, 21.77
9:15:15 AM, 72.12, 169.1930, 0.4448, 35, 21.77
9:15:16 AM, 72.12, 168.7935, 0.4692, 35, 21.58
9:15:17 AM, 72.32, 168.9933, 0.4643, 35, 21.77
9:15:18 AM, 72.12, 169.3928, 0.4399, 31, 22.16
9:15:19 AM, 72.12, 168.7935, 0.4643, 31, 22.55
9:15:20 AM, 72.12, 168.9933, 0.4643, 31, 22.36
9:15:21 AM, 72.32, 168.7935, 0.4643, 35, 22.36
9:15:22 AM, 72.51, 169.3928, 0.4154, 35, 23.33
9:15:23 AM, 72.51, 169.5925, 0.4057, 35, 21.00
9:15:24 AM, 72.51, 169.3928, 0.4301, 35, 21.38
9:15:25 AM, 72.51, 169.5925, 0.4252, 35, 22.16
9:15:26 AM, 72.51, 169.5925, 0.4301, 35, 21.97
9:15:27 AM, 72.51, 169.3928, 0.4350, 31, 21.77
9:15:28 AM, 72.32, 169.3928, 0.3861, 35, 22.16
9:15:29 AM, 72.51, 168.7935, 0.4448, 35, 21.19
9:15:30 AM, 72.51, 169.5925, 0.4301, 35, 21.58
9:15:31 AM, 72.51, 169.5925, 0.4350, 31, 22.16
9:15:32 AM, 72.51, 169.5925, 0.4301, 35, 22.36
9:15:33 AM, 72.71, 169.5925, 0.4203, 35, 21.97
9:15:34 AM, 72.71, 169.5925, 0.4008, 31, 22.55
9:15:35 AM, 72.71, 169.5925, 0.4154, 35, 21.97
9:15:36 AM, 72.51, 169.5925, 0.4106, 35, 21.00
9:15:37 AM, 72.51, 169.1930, 0.4301, 35, 21.58
9:15:38 AM, 72.71, 169.7923, 0.3959, 35, 22.16
9:15:39 AM, 72.51, 169.7923, 0.4106, 35, 21.97
9:15:40 AM, 72.32, 169.3928, 0.3861, 35, 22.16
9:15:41 AM, 72.12, 169.3928, 0.4399, 35, 21.77
9:15:42 AM, 72.32, 168.3940, 0.4692, 35, 21.38
9:15:43 AM, 72.51, 169.3928, 0.4203, 31, 21.97
9:15:44 AM, 72.51, 169.5925, 0.4057, 35, 22.16
9:15:45 AM, 72.51, 169.5925, 0.3861, 31, 21.97
9:15:46 AM, 72.71, 169.1930, 0.4154, 35, 21.58
9:15:47 AM, 72.90, 169.5925, 0.4154, 35, 21.97
9:15:48 AM, 72.51, 172.5889, 0.3617, 35, 21.97
9:15:49 AM, 72.51, 169.5925, 0.4643, 31, 22.55
9:15:50 AM, 72.51, 168.7935, 0.3861, 35, 22.16
9:15:51 AM, 72.51, 169.5925, 0.4154, 35, 21.97
9:15:52 AM, 72.51, 169.5925, 0.4301, 31, 21.77
9:15:53 AM, 72.71, 168.9933, 0.4350, 35, 21.77
9:15:54 AM, 72.71, 169.7923, 0.4008, 35, 21.58
9:15:55 AM, 72.71, 169.5925, 0.3959, 31, 22.55
9:15:56 AM, 72.71, 169.5925, 0.4154, 35, 21.97
9:15:57 AM, 72.51, 169.7923, 0.3959, 35, 21.58
9:15:58 AM, 72.51, 170.1918, 0.4252, 35, 21.58
9:15:59 AM, 72.51, 169.5925, 0.4154, 35, 21.97
9:16:00 AM, 72.51, 169.5925, 0.4252, 35, 21.97
9:16:01 AM, 72.32, 169.5925, 0.4106, 35, 22.36
9:16:02 AM, 72.12, 169.3928, 0.4399, 31, 21.97
9:16:03 AM, 72.12, 168.9933, 0.4448, 35, 21.77
9:16:04 AM, 72.32, 168.9933, 0.4741, 31, 21.77
9:16:05 AM, 72.51, 169.3928, 0.4350, 35, 21.97
9:16:06 AM, 72.32, 169.5925, 0.4252, 35, 21.97
9:16:07 AM, 72.51, 168.7935, 0.4301, 31, 21.77
9:16:08 AM, 72.51, 169.3928, 0.4252, 35, 21.58
9:16:09 AM, 72.51, 169.3928, 0.4350, 35, 21.77
9:16:10 AM, 72.51, 169.1930, 0.4350, 35, 21.97
9:16:11 AM, 72.32, 169.5925, 0.4497, 35, 22.55
9:16:12 AM, 72.32, 169.5925, 0.4106, 35, 21.97
9:16:13 AM, 72.32, 170.9908, 0.4350, 35, 21.38
9:16:14 AM, 72.51, 169.5925, 0.4350, 35, 21.58
9:16:15 AM, 72.51, 168.7935, 0.4154, 35, 21.97
9:16:16 AM, 72.51, 169.5925, 0.4106, 35, 21.77
9:16:17 AM, 72.51, 169.5925, 0.4252, 31, 21.38
9:16:18 AM, 72.51, 170.9908, 0.4252, 35, 21.00
9:16:19 AM, 72.32, 169.5925, 0.4301, 35, 22.36
9:16:20 AM, 72.12, 169.3928, 0.4448, 35, 21.97
9:16:21 AM, 72.12, 168.9933, 0.4643, 35, 21.77
9:16:22 AM, 72.51, 169.3928, 0.5083, 35, 22.55
9:16:23 AM, 72.71, 168.7935, 0.4301, 31, 22.36
9:16:24 AM, 72.71, 169.7923, 0.4448, 35, 22.55
9:16:25 AM, 72.71, 169.1930, 0.4057, 35, 22.36
9:16:26 AM, 72.71, 169.7923, 0.4106, 31, 22.36
9:16:27 AM, 72.71, 169.5925, 0.4154, 35, 21.77
9:16:28 AM, 72.71, 169.5925, 0.3861, 35, 21.97
9:16:29 AM, 72.71, 169.5925, 0.4154, 35, 22.36
9:16:30 AM, 72.51, 169.7923, 0.4154, 35, 21.97
9:16:31 AM, 72.51, 169.5925, 0.4252, 35, 21.97
9:16:32 AM, 72.71, 169.3928, 0.4399, 35, 21.97
9:16:33 AM, 72.71, 169.5925, 0.4106, 35, 21.19
9:16:34 AM, 72.71, 169.5925, 0.4106, 35, 21.97
9:16:35 AM, 72.51, 169.9920, 0.3861, 35, 21.77
9:16:36 AM, 72.71, 169.7923, 0.4154, 31, 22.36
9:16:37 AM, 72.71, 169.5925, 0.3959, 35, 21.97
9:16:38 AM, 72.71, 169.5925, 0.3959, 35, 21.77
9:16:39 AM, 72.90, 170.1918, 0.4106, 35, 21.58
9:16:40 AM, 72.90, 169.9920, 0.3763, 35, 22.16
9:16:41 AM, 72.90, 169.9920, 0.3861, 35, 21.19
9:16:42 AM, 73.09, 170.1918, 0.3959, 35, 22.16
9:16:43 AM, 72.90, 170.1918, 0.3861, 31, 21.19
9:16:44 AM, 72.71, 169.5925, 0.3959, 31, 21.97
9:16:45 AM, 72.71, 169.7923, 0.4154, 35, 21.19
9:16:46 AM, 72.90, 169.1930, 0.3861, 35, 21.97
9:16:47 AM, 72.90, 170.1918, 0.3910, 31, 22.16
9:16:48 AM, 72.90, 170.3915, 0.3666, 31, 21.77
9:16:49 AM, 72.90, 170.3915, 0.3910, 35, 21.97
9:16:50 AM, 72.90, 169.5925, 0.3763, 35, 21.77
9:16:51 AM, 72.71, 169.7923, 0.4154, 35, 21.19
9:16:52 AM, 72.71, 169.5925, 0.4008, 31, 22.36
9:16:53 AM, 72.71, 169.5925, 0.4154, 35, 21.58
9:16:54 AM, 72.51, 169.9920, 0.3910, 35, 21.77
9:16:55 AM, 72.51, 169.5925, 0.4252, 35, 21.97
9:16:56 AM, 72.51, 169.5925, 0.4252, 35, 21.77
9:16:57 AM, 72.51, 170.9908, 0.4252, 31, 21.19
9:16:58 AM, 72.32, 169.5925, 0.4252, 35, 22.16
9:16:59 AM, 72.12, 170.1918, 0.4350, 35, 21.00
9:17:00 AM, 72.12, 168.7935, 0.4545, 35, 21.97
9:17:01 AM, 72.32, 168.7935, 0.4497, 31, 22.55
9:17:02 AM, 72.32, 169.3928, 0.4350, 35, 21.97
9:17:03 AM, 72.12, 169.1930, 0.4350, 31, 22.36
9:17:04 AM, 72.51, 168.9933, 0.4643, 31, 22.55
9:17:05 AM, 72.71, 169.5925, 0.4106, 35, 21.77
9:17:06 AM, 72.90, 169.7923, 0.3861, 31, 21.97
9:17:07 AM, 73.09, 170.1918, 0.3959, 35, 22.55
9:17:08 AM, 73.09, 170.3915, 0.3763, 35, 21.77
9:17:09 AM, 73.09, 169.9920, 0.3715, 35, 21.97
9:17:10 AM, 73.09, 170.3915, 0.3519, 31, 21.97
9:17:11 AM, 73.09, 170.3915, 0.3812, 31, 21.38
9:17:12 AM, 72.90, 170.3915, 0.3812, 31, 21.58
9:17:13 AM, 72.90, 169.5925, 0.3910, 35, 21.77
9:17:14 AM, 73.09, 170.3915, 0.3910, 35, 21.97
9:17:15 AM, 72.90, 170.3915, 0.3715, 35, 22.16
9:17:16 AM, 72.71, 170.1918, 0.3959, 35, 22.36
9:17:17 AM, 72.71, 169.5925, 0.4154, 35, 21.19
9:17:18 AM, 72.71, 169.9920, 0.3861, 31, 22.16
9:17:19 AM, 72.71, 169.1930, 0.4301, 35, 21.58
9:17:20 AM, 72.51, 169.9920, 0.4154, 31, 21.58
9:17:21 AM, 72.51, 169.5925, 0.4154, 35, 21.97
9:17:22 AM, 72.71, 169.5925, 0.4154, 35, 22.16
9:17:23 AM, 72.71, 169.5925, 0.4106, 35, 22.16
9:17:24 AM, 72.71, 169.5925, 0.4154, 35, 21.58
9:17:25 AM, 72.51, 169.7923, 0.4154, 35, 21.58
9:17:26 AM, 72.51, 169.5925, 0.3861, 31, 21.58
9:17:27 AM, 72.71, 169.5925, 0.4057, 35, 18.47
9:17:28 AM, 72.71, 169.7923, 0.4057, 35, 21.97
9:17:29 AM, 72.71, 169.5925, 0.4252, 35, 22.55
9:17:30 AM, 72.51, 169.5925, 0.4154, 35, 21.58
9:17:31 AM, 72.32, 169.5925, 0.4154, 35, 21.77
9:17:32 AM, 72.51, 169.3928, 0.4399, 35, 22.55
9:17:33 AM, 72.71, 169.5925, 0.4057, 35, 21.77
9:17:34 AM, 72.51, 170.1918, 0.4008, 31, 22.16
9:17:35 AM, 72.71, 169.5925, 0.4252, 35, 21.00
9:17:36 AM, 72.71, 169.7923, 0.4154, 35, 21.97
9:17:37 AM, 72.71, 170.9908, 0.4252, 35, 21.38
9:17:38 AM, 72.71, 169.7923, 0.4154, 31, 22.36
9:17:39 AM, 72.71, 169.5925, 0.4106, 31, 21.97
9:17:40 AM, 72.71, 169.7923, 0.4154, 31, 22.36
9:17:41 AM, 72.71, 170.9908, 0.4154, 35, 21.38
9:17:42 AM, 72.51, 169.7923, 0.4154, 31, 21.97
9:17:43 AM, 72.51, 169.1930, 0.4154, 31, 21.77
9:17:44 AM, 72.51, 169.5925, 0.4252, 35, 21.58
9:17:45 AM, 72.51, 169.5925, 0.4350, 35, 21.97
9:17:46 AM, 72.32, 169.5925, 0.4252, 35, 21.58
9:17:47 AM, 72.51, 169.7923, 0.4350, 35, 21.97
9:17:48 AM, 72.51, 169.5925, 0.3910, 35, 21.19
9:17:49 AM, 72.71, 169.5925, 0.4154, 35, 22.16
9:17:50 AM, 72.71, 168.9933, 0.4301, 35, 21.77
9:17:51 AM, 72.71, 169.5925, 0.4203, 35, 22.55
9:17:52 AM, 72.71, 169.1930, 0.3861, 35, 21.58
9:17:53 AM, 72.51, 169.1930, 0.4301, 31, 21.58
9:17:54 AM, 72.32, 169.7923, 0.4350, 35, 22.16
9:17:55 AM, 72.51, 169.3928, 0.4350, 31, 21.97
9:17:56 AM, 72.51, 169.3928, 0.4350, 35, 21.97
9:17:57 AM, 72.71, 169.3928, 0.4399, 31, 21.77
9:17:58 AM, 72.51, 169.5925, 0.4154, 35, 22.16
9:17:59 AM, 72.71, 169.5925, 0.4252, 35, 21.97
9:18:00 AM, 72.71, 169.5925, 0.4252, 35, 22.55
9:18:01 AM, 72.71, 169.5925, 0.4106, 31, 22.16
9:18:02 AM, 72.51, 170.1918, 0.4154, 35, 21.97
9:18:03 AM, 72.51, 169.3928, 0.4154, 31, 21.97
9:18:04 AM, 72.51, 169.5925, 0.4252, 35, 21.97
9:18:05 AM, 72.51, 169.7923, 0.4252, 35, 21.00
9:18:06 AM, 72.71, 169.5925, 0.4350, 35, 24.69
9:18:07 AM, 72.71, 169.5925, 0.3959, 35, 21.58
9:18:08 AM, 72.71, 169.5925, 0.4154, 31, 22.16
9:18:09 AM, 72.71, 169.7923, 0.4057, 35, 21.77
9:18:10 AM, 72.51, 169.5925, 0.4154, 35, 22.55
9:18:11 AM, 72.51, 169.3928, 0.4154, 31, 21.97
9:18:12 AM, 72.71, 170.1918, 0.4106, 35, 21.77
9:18:13 AM, 72.71, 169.7923, 0.3910, 35, 22.36
9:18:14 AM, 72.71, 169.7923, 0.4154, 31, 21.77
9:18:15 AM, 72.71, 169.1930, 0.4008, 35, 21.97
9:18:16 AM, 72.71, 169.5925, 0.3959, 35, 21.97
9:18:17 AM, 72.51, 169.7923, 0.4154, 31, 22.16
9:18:18 AM, 72.71, 169.5925, 0.4106, 35, 21.97
9:18:19 AM, 72.71, 169.3928, 0.4154, 31, 21.97
9:18:20 AM, 72.71, 169.7923, 0.4154, 35, 25.47
9:18:21 AM, 72.71, 170.9908, 0.4154, 31, 21.58
9:18:22 AM, 72.71, 169.7923, 0.3959, 35, 21.77
9:18:23 AM, 72.71, 169.9920, 0.3959, 31, 22.36
9:18:24 AM, 72.71, 169.1930, 0.3910, 35, 22.16
9:18:25 AM, 72.71, 169.3928, 0.4203, 35, 22.16
9:18:26 AM, 72.71, 169.5925, 0.3861, 35, 21.97
9:18:27 AM, 72.71, 169.7923, 0.4106, 35, 22.36
9:18:28 AM, 72.71, 169.7923, 0.4154, 35, 22.16
9:18:29 AM, 72.71, 169.7923, 0.4252, 31, 21.77
9:18:30 AM, 72.71, 169.5925, 0.4057, 31, 21.58
9:18:31 AM, 72.71, 169.5925, 0.4154, 35, 22.16
9:18:32 AM, 72.90, 169.5925, 0.4154, 35, 24.30
9:18:33 AM, 72.71, 169.5925, 0.3959, 35, 22.36
9:18:34 AM, 72.90, 171.1906, 0.3470, 35, 21.77
9:18:35 AM, 72.90, 170.1918, 0.3763, 35, 21.97
9:18:36 AM, 73.09, 169.9920, 0.3861, 35, 21.97
9:18:37 AM, 72.90, 170.3915, 0.3568, 35, 21.77
9:18:38 AM, 72.71, 170.1918, 0.3959, 35, 21.97
9:18:39 AM, 72.71, 169.5925, 0.4203, 35, 22.16
9:18:40 AM, 73.09, 170.3915, 0.3617, 35, 21.77
9:18:41 AM, 72.90, 170.1918, 0.3861, 35, 21.97
9:18:42 AM, 72.90, 170.3915, 0.3959, 31, 21.58
9:18:43 AM, 72.90, 170.1918, 0.3959, 35, 22.16
9:18:44 AM, 72.90, 169.7923, 0.3959, 35, 25.08
9:18:45 AM, 72.90, 170.1918, 0.3763, 35, 22.55
9:18:46 AM, 72.71, 169.9920, 0.3763, 35, 21.77
9:18:47 AM, 72.51, 169.7923, 0.4154, 31, 21.77
9:18:48 AM, 72.32, 170.7911, 0.4252, 35, 20.80
9:18:49 AM, 72.51, 169.3928, 0.4350, 35, 22.55
9:18:50 AM, 72.51, 169.5925, 0.4154, 31, 21.97
9:18:51 AM, 72.71, 169.5925, 0.4399, 35, 21.97
9:18:52 AM, 72.71, 169.5925, 0.3910, 35, 21.97
9:18:53 AM, 72.51, 169.5925, 0.3959, 35, 21.77
9:18:54 AM, 72.71, 169.5925, 0.4008, 35, 21.97
9:18:55 AM, 72.71, 169.7923, 0.3959, 31, 21.19
9:18:56 AM, 72.90, 169.5925, 0.4154, 35, 22.74
9:18:57 AM, 72.71, 170.1918, 0.3617, 35, 21.97
9:18:58 AM, 72.71, 169.7923, 0.4154, 35, 21.77
9:18:59 AM, 72.71, 170.1918, 0.4154, 35, 21.97
9:19:00 AM, 72.71, 169.7923, 0.4057, 31, 21.97
9:19:01 AM, 72.51, 169.5925, 0.4301, 35, 21.77
9:19:02 AM, 72.71, 169.5925, 0.4008, 35, 21.97
9:19:03 AM, 72.71, 169.5925, 0.3910, 35, 21.77
9:19:04 AM, 72.71, 169.7923, 0.4154, 31, 21.38
9:19:05 AM, 72.71, 169.9920, 0.4154, 31, 21.77
9:19:06 AM, 72.90, 169.7923, 0.4154, 35, 21.38
9:19:07 AM, 72.90, 170.1918, 0.3763, 35, 22.36
9:19:08 AM, 73.09, 170.1918, 0.3910, 35, 22.36
9:19:09 AM, 72.90, 170.3915, 0.3959, 35, 21.97
9:19:10 AM, 72.90, 170.1918, 0.3812, 35, 22.16
9:19:11 AM, 73.09, 170.5913, 0.3910, 35, 22.36
9:19:12 AM, 72.90, 170.1918, 0.3763, 35, 21.97
9:19:13 AM, 72.90, 169.9920, 0.3861, 35, 21.97
9:19:14 AM, 72.90, 170.1918, 0.3959, 35, 21.97
9:19:15 AM, 72.90, 170.3915, 0.3763, 35, 21.58
9:19:16 AM, 72.71, 170.1918, 0.3959, 31, 23.91
9:19:17 AM, 72.71, 170.1918, 0.4154, 35, 21.77
9:19:18 AM, 72.71, 169.7923, 0.4154, 35, 22.36
9:19:19 AM, 72.71, 169.9920, 0.4154, 35, 21.97
9:19:20 AM, 72.71, 169.9920, 0.4154, 35, 21.97
9:19:21 AM, 72.71, 169.9920, 0.4106, 35, 21.58
9:19:22 AM, 72.71, 169.9920, 0.3959, 31, 21.97
9:19:23 AM, 72.51, 169.9920, 0.4154, 35, 21.77
9:19:24 AM, 72.51, 169.5925, 0.4350, 31, 21.77
9:19:25 AM, 72.71, 169.1930, 0.4301, 35, 22.36
9:19:26 AM, 72.71, 169.9920, 0.3861, 31, 22.55
9:19:27 AM, 72.71, 169.7923, 0.4154, 31, 21.58
9:19:28 AM, 72.71, 169.5925, 0.3763, 35, 21.77
9:19:29 AM, 72.71, 169.5925, 0.3861, 31, 21.97
9:19:30 AM, 72.71, 169.5925, 0.4154, 35, 21.97
9:19:31 AM, 72.71, 169.5925, 0.4008, 35, 21.97
9:19:32 AM, 72.71, 169.7923, 0.3959, 31, 21.77
9:19:33 AM, 72.71, 169.7923, 0.4154, 31, 20.02
9:19:34 AM, 72.71, 169.7923, 0.4154, 35, 22.36
9:19:35 AM, 72.51, 169.9920, 0.4154, 35, 21.97
9:19:36 AM, 72.51, 170.1918, 0.3959, 31, 21.77
9:19:37 AM, 72.71, 169.5925, 0.4106, 35, 22.36
9:19:38 AM, 72.71, 169.7923, 0.4154, 35, 22.36
9:19:39 AM, 72.71, 169.9920, 0.3861, 35, 22.36
9:19:40 AM, 72.71, 169.7923, 0.4154, 31, 22.16
9:19:41 AM, 72.71, 171.3903, 0.4106, 35, 22.55
9:19:42 AM, 72.71, 169.5925, 0.4008, 31, 22.55
9:19:43 AM, 72.51, 169.9920, 0.4154, 31, 22.36
9:19:44 AM, 72.51, 169.5925, 0.4399, 35, 21.77
9:19:45 AM, 72.71, 169.5925, 0.4154, 31, 22.16
9:19:46 AM, 72.71, 169.9920, 0.4252, 35, 21.97
9:19:47 AM, 72.71, 169.9920, 0.3861, 31, 21.97
9:19:48 AM, 72.51, 169.9920, 0.4154, 35, 22.36
9:19:49 AM, 72.51, 169.5925, 0.4350, 31, 22.16
9:19:50 AM, 72.71, 169.5925, 0.4008, 35, 22.55
9:19:51 AM, 72.71, 169.7923, 0.4008, 31, 22.74
9:19:52 AM, 72.32, 169.5925, 0.4399, 35, 22.16
9:19:53 AM, 72.32, 169.5925, 0.4106, 31, 21.97
9:19:54 AM, 72.51, 169.5925, 0.4399, 35, 21.77
9:19:55 AM, 72.71, 170.9908, 0.4301, 31, 21.19
9:19:56 AM, 72.71, 169.5925, 0.3763, 31, 21.77
9:19:57 AM, 72.71, 169.5925, 0.4057, 31, 21.58
9:19:58 AM, 72.71, 169.9920, 0.3763, 35, 22.55
9:19:59 AM, 72.71, 170.1918, 0.4154, 35, 21.97
9:20:00 AM, 72.71, 169.7923, 0.4154, 35, 21.58
9:20:01 AM, 72.51, 170.1918, 0.4252, 35, 21.58
9:20:02 AM, 72.71, 169.1930, 0.4106, 35, 22.16
9:20:03 AM, 72.71, 169.7923, 0.4154, 31, 22.55
9:20:04 AM, 72.71, 169.7923, 0.4154, 35, 21.97
9:20:05 AM, 72.90, 169.9920, 0.3959, 35, 21.97
9:20:06 AM, 72.71, 170.1918, 0.3959, 35, 21.97
9:20:07 AM, 72.71, 169.5925, 0.4057, 35, 24.88
9:20:08 AM, 72.71, 169.9920, 0.3910, 35, 22.16
9:20:09 AM, 72.71, 169.9920, 0.4154, 31, 21.97
9:20:10 AM, 72.71, 169.7923, 0.4154, 35, 22.55
9:20:11 AM, 72.71, 169.9920, 0.3959, 31, 22.36
9:20:12 AM, 72.71, 169.9920, 0.3861, 35, 22.55
9:20:13 AM, 72.51, 169.9920, 0.3812, 31, 21.58
9:20:14 AM, 72.71, 169.7923, 0.4448, 35, 22.55
9:20:15 AM, 72.71, 169.5925, 0.3861, 35, 21.97
9:20:16 AM, 72.71, 169.9920, 0.4154, 35, 21.97
9:20:17 AM, 72.71, 169.9920, 0.4008, 31, 21.97
9:20:18 AM, 72.71, 170.1918, 0.4154, 35, 22.36
9:20:19 AM, 72.71, 169.9920, 0.4203, 35, 21.97
9:20:20 AM, 72.71, 169.7923, 0.4154, 35, 22.36
9:20:21 AM, 72.71, 169.9920, 0.3959, 31, 21.97
9:20:22 AM, 72.71, 169.9920, 0.3910, 31, 22.55
9:20:23 AM, 72.71, 169.7923, 0.4154, 35, 21.97
9:20:24 AM, 72.90, 169.9920, 0.4154, 35, 21.97
9:20:25 AM, 72.90, 170.1918, 0.4057, 35, 21.97
9:20:26 AM, 72.71, 170.3915, 0.3910, 31, 22.16
9:20:27 AM, 72.71, 169.9920, 0.3959, 35, 22.16
9:20:28 AM, 72.71, 172.5889, 0.3910, 35, 21.97
9:20:29 AM, 72.71, 169.7923, 0.4252, 35, 21.77
9:20:30 AM, 72.90, 169.9920, 0.4154, 35, 21.77
9:20:31 AM, 73.09, 170.1918, 0.3959, 31, 21.19
9:20:32 AM, 72.71, 170.3915, 0.3568, 31, 21.97
9:20:33 AM, 72.71, 169.3928, 0.4154, 31, 21.77
9:20:34 AM, 72.51, 169.7923, 0.4106, 35, 29.74
9:20:35 AM, 72.71, 169.7923, 0.4252, 35, 21.97
9:20:36 AM, 72.90, 169.7923, 0.4154, 35, 21.19
9:20:37 AM, 72.51, 170.3915, 0.3959, 35, 21.97
9:20:38 AM, 72.71, 169.7923, 0.4252, 35, 22.55
9:20:39 AM, 72.71, 169.9920, 0.4106, 35, 21.00
9:20:40 AM, 72.71, 169.3928, 0.3861, 35, 22.16
9:20:41 AM, 72.90, 169.9920, 0.4057, 31, 21.58
9:20:42 AM, 72.71, 170.1918, 0.3666, 35, 22.36
9:20:43 AM, 72.71, 169.5925, 0.4106, 35, 21.38
9:20:44 AM, 72.71, 169.3928, 0.4154, 35, 21.58
9:20:45 AM, 72.51, 169.9920, 0.4106, 35, 21.97
9:20:46 AM, 72.32, 169.5925, 0.4301, 35, 21.97
9:20:47 AM, 72.51, 169.5925, 0.4106, 31, 22.16
9:20:48 AM, 72.71, 169.7923, 0.3959, 35, 22.36
9:20:49 AM, 72.90, 172.1893, 0.4203, 35, 21.77
9:20:50 AM, 72.90, 170.1918, 0.3763, 35, 22.36
9:20:51 AM, 72.90, 170.5913, 0.3861, 35, 21.58
9:20:52 AM, 72.90, 170.3915, 0.3812, 31, 22.36
9:20:53 AM, 72.90, 170.3915, 0.3959, 35, 22.16
9:20:54 AM, 72.90, 170.1918, 0.3959, 35, 22.16
9:20:55 AM, 72.71, 170.1918, 0.3910, 35, 22.16
9:20:56 AM, 72.71, 169.5925, 0.3861, 35, 20.22
9:20:57 AM, 72.71, 170.1918, 0.3763, 31, 22.16
9:20:58 AM, 72.71, 169.9920, 0.4154, 35, 22.36
9:20:59 AM, 72.71, 170.1918, 0.4106, 35, 20.80
9:21:00 AM, 72.71, 169.7923, 0.4008, 35, 22.36
9:21:01 AM, 72.90, 169.5925, 0.4106, 31, 25.66
9:21:02 AM, 72.71, 170.3915, 0.3812, 35, 21.58
9:21:03 AM, 72.71, 169.9920, 0.4106, 31, 20.80
9:21:04 AM, 72.71, 169.7923, 0.4154, 35, 22.16
9:21:05 AM, 72.71, 169.3928, 0.4154, 35, 21.38
9:21:06 AM, 72.51, 169.7923, 0.3910, 35, 21.97
9:21:07 AM, 72.51, 169.5925, 0.3959, 35, 21.97
9:21:08 AM, 72.71, 169.5925, 0.4154, 31, 21.58
9:21:09 AM, 72.71, 169.9920, 0.4154, 31, 21.97
9:21:10 AM, 72.71, 169.3928, 0.3861, 35, 21.97
9:21:11 AM, 72.51, 170.1918, 0.3861, 35, 23.33
9:21:12 AM, 72.71, 169.5925, 0.3910, 31, 22.36
9:21:13 AM, 72.90, 169.9920, 0.4154, 35, 21.58
9:21:14 AM, 72.90, 170.1918, 0.3910, 35, 21.77
9:21:15 AM, 72.71, 170.1918, 0.4008, 31, 22.16
9:21:16 AM, 72.71, 169.9920, 0.4057, 31, 21.77
9:21:17 AM, 72.71, 169.7923, 0.4154, 35, 22.36
9:21:18 AM, 72.71, 169.9920, 0.4106, 35, 21.97
9:21:19 AM, 72.71, 169.1930, 0.3959, 31, 21.97
9:21:20 AM, 72.90, 170.1918, 0.4154, 35, 21.58
9:21:21 AM, 72.90, 170.3915, 0.3959, 35, 22.16
9:21:22 AM, 73.09, 170.3915, 0.3861, 35, 22.74
9:21:23 AM, 72.90, 170.5913, 0.3861, 35, 21.97
9:21:24 AM, 72.71, 169.5925, 0.4008, 35, 21.97
9:21:25 AM, 72.90, 169.9920, 0.3763, 31, 21.97
9:21:26 AM, 72.90, 170.7911, 0.3617, 35, 22.55
9:21:27 AM, 72.90, 170.3915, 0.3910, 35, 21.77
9:21:28 AM, 72.90, 170.1918, 0.3910, 31, 21.97
9:21:29 AM, 72.90, 170.1918, 0.3910, 35, 21.97
9:21:30 AM, 72.90, 170.3915, 0.3763, 35, 25.86
9:21:31 AM, 72.71, 170.5913, 0.3959, 35, 21.97
9:21:32 AM, 72.51, 169.9920, 0.4106, 35, 21.97
9:21:33 AM, 72.71, 169.5925, 0.3959, 35, 21.77
9:21:34 AM, 72.71, 170.1918, 0.4203, 35, 21.97
9:21:35 AM, 72.71, 169.9920, 0.4154, 35, 20.80
9:21:36 AM, 72.71, 169.7923, 0.4154, 35, 22.16
9:21:37 AM, 72.71, 170.1918, 0.3861, 31, 21.97
9:21:38 AM, 72.71, 169.7923, 0.4154, 31, 21.97
9:21:39 AM, 72.71, 169.7923, 0.4057, 35, 22.36
9:21:40 AM, 72.51, 169.5925, 0.4154, 31, 21.58
9:21:41 AM, 72.71, 170.1918, 0.4154, 35, 21.58
9:21:42 AM, 72.71, 169.9920, 0.3861, 31, 22.55
9:21:43 AM, 72.71, 170.1918, 0.3763, 31, 22.16
9:21:44 AM, 72.71, 169.9920, 0.4154, 35, 22.16
9:21:45 AM, 72.71, 169.9920, 0.4008, 35, 22.55
9:21:46 AM, 72.90, 170.1918, 0.4154, 35, 22.16
9:21:47 AM, 73.09, 170.1918, 0.3910, 35, 22.36
9:21:48 AM, 72.71, 170.3915, 0.3910, 35, 21.97
9:21:49 AM, 72.90, 170.1918, 0.4154, 35, 21.00
9:21:50 AM, 73.09, 172.5889, 0.3910, 35, 21.97
9:21:51 AM, 72.90, 170.3915, 0.3763, 35, 22.36
9:21:52 AM, 72.71, 169.9920, 0.3959, 31, 21.58
9:21:53 AM, 72.71, 169.9920, 0.4154, 35, 22.55
9:21:54 AM, 72.71, 169.9920, 0.3861, 35, 21.97
9:21:55 AM, 72.71, 170.1918, 0.3861, 35, 22.16
9:21:56 AM, 72.71, 169.7923, 0.4154, 35, 21.97
9:21:57 AM, 72.71, 169.7923, 0.4154, 35, 21.77
9:21:58 AM, 72.71, 169.9920, 0.3861, 35, 22.16
9:21:59 AM, 72.71, 169.9920, 0.4106, 31, 21.77
9:22:00 AM, 72.71, 169.9920, 0.3812, 35, 22.55
9:22:01 AM, 72.71, 169.9920, 0.4154, 35, 21.77
9:22:02 AM, 72.71, 169.7923, 0.4154, 31, 22.16
9:22:03 AM, 72.71, 169.7923, 0.4154, 35, 22.16
9:22:04 AM, 72.71, 169.9920, 0.4008, 35, 21.97
9:22:05 AM, 72.71, 169.9920, 0.4154, 31, 21.97
9:22:06 AM, 72.71, 169.7923, 0.4057, 35, 22.36
9:22:07 AM, 72.51, 168.9933, 0.4301, 35, 21.97
9:22:08 AM, 72.71, 169.7923, 0.4301, 35, 22.74
9:22:09 AM, 72.90, 169.9920, 0.4252, 35, 21.97
9:22:10 AM, 73.09, 169.9920, 0.3959, 31, 20.80
9:22:11 AM, 72.71, 170.3915, 0.3763, 31, 21.58
9:22:12 AM, 72.71, 169.7923, 0.3959, 31, 21.97
9:22:13 AM, 72.71, 169.9920, 0.4106, 35, 21.58
9:22:14 AM, 72.71, 169.9920, 0.4154, 31, 21.97
9:22:15 AM, 72.71, 169.3928, 0.4301, 35, 22.36
9:22:16 AM, 72.90, 169.7923, 0.4008, 35, 22.36
9:22:17 AM, 72.90, 170.1918, 0.3763, 35, 21.77
9:22:18 AM, 72.90, 170.3915, 0.3666, 35, 22.36
9:22:19 AM, 72.90, 169.5925, 0.3910, 31, 21.58
9:22:20 AM, 72.90, 170.3915, 0.3959, 31, 21.97
9:22:21 AM, 72.90, 170.1918, 0.3910, 35, 21.58
9:22:22 AM, 72.90, 170.3915, 0.3861, 35, 21.77
9:22:23 AM, 72.90, 170.1918, 0.3959, 35, 21.97
9:22:24 AM, 72.51, 170.3915, 0.3910, 35, 21.58
9:22:25 AM, 72.71, 169.9920, 0.3812, 35, 21.97
9:22:26 AM, 72.90, 169.9920, 0.3763, 35, 21.97
9:22:27 AM, 73.09, 170.5913, 0.3910, 31, 21.00
9:22:28 AM, 72.71, 170.3915, 0.3861, 35, 22.55
9:22:29 AM, 72.71, 169.7923, 0.4008, 35, 21.97
9:22:30 AM, 72.71, 169.5925, 0.4154, 35, 21.97
9:22:31 AM, 72.90, 169.9920, 0.3812, 35, 21.97
9:22:32 AM, 72.90, 170.3915, 0.3910, 31, 22.55
9:22:33 AM, 72.71, 170.1918, 0.3666, 35, 21.97
9:22:34 AM, 72.71, 169.9920, 0.3861, 35, 21.77
9:22:35 AM, 72.90, 169.7923, 0.4154, 35, 22.36
9:22:36 AM, 72.71, 169.7923, 0.3910, 31, 21.77
9:22:37 AM, 72.90, 169.9920, 0.3861, 35, 22.16
9:22:38 AM, 72.90, 169.7923, 0.3617, 31, 21.97
9:22:39 AM, 73.29, 170.3915, 0.3763, 35, 21.58
9:22:40 AM, 73.09, 170.7911, 0.3324, 35, 21.77
9:22:41 AM, 73.09, 170.3915, 0.3763, 35, 21.38
9:22:42 AM, 73.09, 170.3915, 0.3861, 31, 21.38
9:22:43 AM, 73.29, 170.5913, 0.3861, 35, 21.97
9:22:44 AM, 73.29, 170.9908, 0.3226, 35, 21.97
9:22:45 AM, 72.90, 170.9908, 0.4008, 35, 22.55
9:22:46 AM, 72.71, 169.9920, 0.4154, 35, 22.55
9:22:47 AM, 72.71, 169.9920, 0.4106, 35, 21.97
9:22:48 AM, 72.71, 169.9920, 0.4203, 35, 21.97
9:22:49 AM, 72.71, 169.7923, 0.4154, 35, 22.55
9:22:50 AM, 72.51, 168.3940, 0.4154, 35, 21.97
9:22:51 AM, 72.51, 169.7923, 0.4350, 31, 21.97
9:22:52 AM, 72.71, 169.9920, 0.3959, 35, 22.36
9:22:53 AM, 72.71, 170.9908, 0.4154, 31, 21.58
9:22:54 AM, 72.71, 169.7923, 0.4057, 31, 22.16
9:22:55 AM, 72.71, 169.7923, 0.4154, 35, 22.55
9:22:56 AM, 72.71, 169.5925, 0.4154, 35, 22.55
9:22:57 AM, 72.90, 169.7923, 0.4154, 31, 22.16
9:22:58 AM, 72.71, 170.1918, 0.3959, 31, 22.36
9:22:59 AM, 72.71, 169.7923, 0.4106, 35, 22.16
9:23:00 AM, 72.71, 169.9920, 0.4106, 35, 21.77
9:23:01 AM, 72.71, 170.1918, 0.4154, 31, 21.38
9:23:02 AM, 72.71, 169.3928, 0.3861, 35, 22.16
9:23:03 AM, 72.71, 169.7923, 0.4154, 35, 22.16
9:23:04 AM, 72.71, 169.7923, 0.4154, 31, 24.30
9:23:05 AM, 72.71, 169.7923, 0.4252, 35, 22.16
9:23:06 AM, 72.71, 170.1918, 0.4154, 35, 21.58
9:23:07 AM, 72.71, 170.1918, 0.4154, 31, 21.97
9:23:08 AM, 72.71, 169.3928, 0.3959, 35, 21.97
9:23:09 AM, 72.71, 169.7923, 0.4106, 31, 22.36
9:23:10 AM, 72.71, 169.9920, 0.3861, 35, 22.36
9:23:11 AM, 72.71, 169.7923, 0.4154, 35, 22.36
9:23:12 AM, 72.71, 169.9920, 0.4154, 35, 22.16
9:23:13 AM, 72.71, 169.9920, 0.4154, 35, 22.16
9:23:14 AM, 72.71, 169.9920, 0.3861, 31, 21.38
9:23:15 AM, 72.71, 170.1918, 0.4106, 35, 21.00
9:23:16 AM, 72.51, 169.9920, 0.4154, 31, 21.58
9:23:17 AM, 72.51, 169.5925, 0.4301, 35, 22.36
9:23:18 AM, 72.71, 169.7923, 0.4203, 35, 22.55
9:23:19 AM, 72.71, 169.7923, 0.4203, 35, 22.36
9:23:20 AM, 72.71, 169.3928, 0.4301, 35, 21.97
9:23:21 AM, 72.71, 169.9920, 0.4008, 35, 21.97
9:23:22 AM, 72.71, 170.1918, 0.4252, 35, 22.36
9:23:23 AM, 72.71, 169.9920, 0.3959, 35, 21.77
9:23:24 AM, 72.71, 170.1918, 0.4106, 35, 22.55
9:23:25 AM, 72.71, 169.9920, 0.4057, 31, 21.58
9:23:26 AM, 72.90, 169.9920, 0.4057, 35, 21.58
9:23:27 AM, 73.09, 169.9920, 0.3715, 35, 21.97
9:23:28 AM, 73.29, 170.1918, 0.3861, 35, 22.55
9:23:29 AM, 72.90, 170.5913, 0.3568, 31, 21.97
9:23:30 AM, 72.90, 170.3915, 0.3861, 31, 22.74
9:23:31 AM, 72.90, 170.5913, 0.3910, 35, 21.77
9:23:32 AM, 73.09, 170.3915, 0.3910, 35, 22.16
9:23:33 AM, 72.90, 170.3915, 0.3763, 31, 22.16
9:23:34 AM, 72.90, 170.9908, 0.3568, 35, 21.19
9:23:35 AM, 72.90, 170.3915, 0.3959, 35, 21.97
9:23:36 AM, 73.09, 170.3915, 0.3861, 31, 21.97
9:23:37 AM, 72.71, 170.3915, 0.4008, 35, 21.97
9:23:38 AM, 72.71, 170.1918, 0.4154, 35, 21.97
9:23:39 AM, 72.71, 169.1930, 0.4301, 35, 22.16
9:23:40 AM, 72.90, 169.3928, 0.4301, 35, 22.55
9:23:41 AM, 72.71, 170.3915, 0.3861, 35, 22.55
9:23:42 AM, 72.71, 170.1918, 0.4252, 31, 21.19
9:23:43 AM, 72.71, 169.7923, 0.4154, 35, 22.36
9:23:44 AM, 73.09, 170.1918, 0.3959, 35, 21.97
9:23:45 AM, 72.71, 170.3915, 0.3861, 31, 22.55
9:23:46 AM, 72.90, 169.7923, 0.4154, 31, 22.36
9:23:47 AM, 72.90, 170.1918, 0.3959, 35, 21.97
9:23:48 AM, 72.90, 170.3915, 0.3812, 35, 21.58
9:23:49 AM, 72.90, 170.1918, 0.4008, 35, 22.16
9:23:50 AM, 72.71, 170.1918, 0.3959, 31, 24.11
9:23:51 AM, 72.71, 169.9920, 0.4154, 35, 21.58
9:23:52 AM, 72.71, 169.7923, 0.3861, 35, 22.55
9:23:53 AM, 72.71, 169.9920, 0.4203, 35, 21.77
9:23:54 AM, 72.71, 169.7923, 0.4203, 31, 22.36
9:23:55 AM, 72.71, 169.9920, 0.4008, 35, 25.86
9:23:56 AM, 72.90, 169.9920, 0.4203, 35, 21.58
9:23:57 AM, 72.90, 170.3915, 0.3861, 31, 21.77
9:23:58 AM, 72.90, 169.9920, 0.4594, 35, 22.55
9:23:59 AM, 72.71, 169.7923, 0.3959, 35, 22.55
9:24:00 AM, 72.90, 169.7923, 0.3959, 35, 21.97
9:24:01 AM, 72.90, 169.7923, 0.3959, 31, 21.58
9:24:02 AM, 72.71, 170.1918, 0.3763, 35, 21.58
9:24:03 AM, 72.71, 169.7923, 0.4106, 31, 21.58
9:24:04 AM, 72.71, 169.7923, 0.4203, 31, 21.77
9:24:05 AM, 72.71, 169.7923, 0.4252, 35, 21.97
9:24:06 AM, 72.90, 169.9920, 0.3959, 35, 21.97
9:24:07 AM, 73.09, 173.7874, 0.4301, 35, 21.97
9:24:08 AM, 72.90, 170.3915, 0.3568, 35, 23.13
9:24:09 AM, 72.90, 170.3915, 0.3959, 35, 21.38
9:24:10 AM, 73.09, 170.1918, 0.4936, 31, 21.38
9:24:11 AM, 73.09, 169.9920, 0.3812, 35, 22.36
9:24:12 AM, 73.09, 170.5913, 0.3763, 31, 21.97
9:24:13 AM, 73.29, 170.9908, 0.3519, 35, 22.16
9:24:14 AM, 73.29, 170.7911, 0.3568, 35, 21.77
9:24:15 AM, 73.09, 170.7911, 0.3568, 35, 21.97
9:24:16 AM, 72.90, 170.1918, 0.3861, 35, 21.77
9:24:17 AM, 72.51, 170.1918, 0.3959, 31, 22.16
9:24:18 AM, 72.71, 169.3928, 0.3959, 31, 21.97
9:24:19 AM, 72.71, 170.9908, 0.4106, 35, 21.19
9:24:20 AM, 73.09, 170.1918, 0.3861, 35, 21.58
9:24:21 AM, 72.90, 170.3915, 0.3617, 35, 21.77
9:24:22 AM, 72.90, 169.5925, 0.3861, 31, 22.36
9:24:23 AM, 72.90, 169.9920, 0.3617, 35, 21.38
9:24:24 AM, 73.09, 170.3915, 0.3666, 31, 21.97
9:24:25 AM, 72.90, 170.3915, 0.3812, 35, 20.80
9:24:26 AM, 72.90, 172.5889, 0.3959, 35, 21.97
9:24:27 AM, 72.90, 170.1918, 0.3959, 35, 22.36
9:24:28 AM, 73.09, 172.5889, 0.3959, 35, 21.97
9:24:29 AM, 72.90, 170.3915, 0.3470, 31, 21.58
9:24:30 AM, 72.90, 170.1918, 0.3910, 35, 21.77
9:24:31 AM, 72.90, 170.1918, 0.3910, 31, 21.58
9:24:32 AM, 73.09, 170.1918, 0.3617, 35, 22.55
9:24:33 AM, 73.09, 170.3915, 0.3763, 35, 21.58
9:24:34 AM, 72.90, 170.5913, 0.3763, 31, 20.41
9:24:35 AM, 72.90, 169.5925, 0.3812, 35, 22.36
9:24:36 AM, 72.90, 170.1918, 0.3959, 35, 21.97
9:24:37 AM, 72.90, 170.1918, 0.3861, 31, 25.08
9:24:38 AM, 72.71, 170.1918, 0.3519, 35, 22.36
9:24:39 AM, 72.71, 169.7923, 0.4154, 35, 22.16
9:24:40 AM, 72.71, 169.7923, 0.4154, 31, 21.97
9:24:41 AM, 72.71, 169.5925, 0.4154, 35, 21.97
9:24:42 AM, 72.90, 169.9920, 0.4203, 35, 21.58
9:24:43 AM, 72.71, 170.1918, 0.3666, 35, 22.16
9:24:44 AM, 72.71, 169.7923, 0.4252, 31, 21.58
9:24:45 AM, 72.71, 169.7923, 0.4057, 31, 21.97
9:24:46 AM, 72.90, 169.9920, 0.4203, 35, 21.97
9:24:47 AM, 72.90, 170.1918, 0.3763, 35, 22.16
9:24:48 AM, 72.90, 170.1918, 0.3959, 35, 21.97
9:24:49 AM, 72.71, 169.7923, 0.4203, 31, 21.38
9:24:50 AM, 72.71, 169.9920, 0.4154, 35, 22.16
9:24:51 AM, 72.71, 169.5925, 0.4154, 31, 22.36
9:24:52 AM, 72.71, 169.7923, 0.3910, 31, 21.97
9:24:53 AM, 72.71, 169.9920, 0.4154, 31, 22.16
9:24:54 AM, 72.71, 169.7923, 0.4106, 31, 21.77
9:24:55 AM, 72.71, 169.7923, 0.4154, 35, 22.36
9:24:56 AM, 72.71, 169.5925, 0.4057, 35, 21.77
9:24:57 AM, 72.51, 169.5925, 0.4008, 35, 21.97
9:24:58 AM, 72.71, 169.7923, 0.4301, 35, 21.97
9:24:59 AM, 72.71, 169.9920, 0.3910, 35, 21.97
9:25:00 AM, 72.90, 169.7923, 0.4154, 35, 21.97
9:25:01 AM, 73.09, 170.5913, 0.3079, 35, 22.16
9:25:02 AM, 72.71, 170.1918, 0.3861, 35, 22.36
9:25:03 AM, 72.71, 169.9920, 0.3959, 35, 22.16
9:25:04 AM, 72.71, 169.7923, 0.4154, 31, 21.58
9:25:05 AM, 72.71, 169.7923, 0.4203, 35, 21.97
9:25:06 AM, 72.51, 169.7923, 0.4154, 35, 21.77
9:25:07 AM, 72.51, 169.7923, 0.4106, 35, 21.97
9:25:08 AM, 72.71, 169.7923, 0.4008, 35, 21.97
9:25:09 AM, 72.71, 169.7923, 0.3910, 35, 21.58
9:25:10 AM, 72.71, 169.7923, 0.4057, 31, 22.16
9:25:11 AM, 72.71, 170.1918, 0.4252, 35, 21.58
9:25:12 AM, 72.71, 170.1918, 0.4057, 35, 21.38
9:25:13 AM, 72.71, 169.9920, 0.4057, 35, 21.19
9:25:14 AM, 72.51, 169.7923, 0.4008, 35, 22.55
9:25:15 AM, 72.51, 169.7923, 0.4350, 31, 22.36
9:25:16 AM, 72.71, 169.7923, 0.4350, 35, 21.77
9:25:17 AM, 72.71, 169.7923, 0.4057, 35, 21.58
9:25:18 AM, 72.71, 170.1918, 0.4154, 35, 22.16
9:25:19 AM, 72.71, 169.7923, 0.4106, 35, 22.16
9:25:20 AM, 72.71, 170.1918, 0.4154, 35, 21.58
9:25:21 AM, 72.71, 169.9920, 0.4154, 35, 22.36
9:25:22 AM, 72.71, 169.7923, 0.4057, 31, 21.97
9:25:23 AM, 72.51, 169.9920, 0.4203, 35, 21.58
9:25:24 AM, 72.71, 169.5925, 0.4301, 35, 21.38
9:25:25 AM, 72.71, 170.9908, 0.4154, 31, 21.97
9:25:26 AM, 72.90, 170.5913, 0.3959, 35, 21.58
9:25:27 AM, 72.90, 170.3915, 0.3763, 35, 22.16
9:25:28 AM, 72.90, 170.1918, 0.3861, 35, 22.16
9:25:29 AM, 72.71, 170.3915, 0.3959, 31, 22.55
9:25:30 AM, 72.71, 170.1918, 0.4106, 35, 22.16
9:25:31 AM, 72.90, 169.9920, 0.3910, 31, 21.97
9:25:32 AM, 72.90, 170.3915, 0.3910, 31, 22.16
9:25:33 AM, 72.71, 170.1918, 0.3861, 31, 22.16
9:25:34 AM, 72.71, 170.1918, 0.4106, 35, 21.97
9:25:35 AM, 72.90, 169.7923, 0.4154, 35, 22.16
9:25:36 AM, 73.09, 169.5925, 0.3666, 35, 21.77
9:25:37 AM, 72.90, 170.1918, 0.3763, 31, 21.38
9:25:38 AM, 72.90, 170.1918, 0.3959, 35, 21.97
9:25:39 AM, 72.90, 170.1918, 0.3861, 35, 21.97
9:25:40 AM, 73.09, 169.5925, 0.3763, 35, 22.55
9:25:41 AM, 72.71, 170.9908, 0.3812, 35, 21.38
9:25:42 AM, 72.71, 171.9896, 0.4203, 35, 22.16
9:25:43 AM, 72.90, 169.7923, 0.4154, 35, 22.16
9:25:44 AM, 73.09, 170.3915, 0.3959, 31, 23.13
9:25:45 AM, 72.90, 170.5913, 0.3812, 35, 21.77
9:25:46 AM, 72.71, 170.1918, 0.3959, 35, 21.19
9:25:47 AM, 72.71, 169.9920, 0.3715, 31, 21.58
9:25:48 AM, 72.71, 169.7923, 0.4154, 35, 21.77
9:25:49 AM, 72.71, 169.5925, 0.4203, 31, 22.74
9:25:50 AM, 72.51, 169.7923, 0.4057, 35, 21.58
9:25:51 AM, 72.71, 169.7923, 0.4301, 35, 21.97
9:25:52 AM, 72.90, 169.7923, 0.3910, 35, 22.36
9:25:53 AM, 72.71, 170.3915, 0.3910, 35, 21.77
9:25:54 AM, 72.71, 170.1918, 0.4154, 35, 21.97
9:25:55 AM, 73.09, 170.3915, 0.3763, 31, 22.36
9:25:56 AM, 73.29, 169.5925, 0.3763, 35, 21.97
9:25:57 AM, 73.09, 170.7911, 0.3519, 31, 21.97
9:25:58 AM, 73.09, 170.3915, 0.3617, 35, 21.97
9:25:59 AM, 73.29, 170.3915, 0.3763, 31, 21.97
9:26:00 AM, 73.09, 170.7911, 0.3568, 35, 21.77
9:26:01 AM, 73.09, 170.3915, 0.3812, 35, 22.36
9:26:02 AM, 73.09, 170.3915, 0.3666, 35, 22.16
9:26:03 AM, 73.09, 171.9896, 0.3763, 35, 21.77
9:26:04 AM, 72.90, 170.5913, 0.3763, 35, 21.58
9:26:05 AM, 72.90, 170.1918, 0.3861, 35, 21.77
9:26:06 AM, 72.90, 169.7923, 0.3959, 31, 21.97
9:26:07 AM, 73.09, 170.3915, 0.3910, 35, 21.38
9:26:08 AM, 72.90, 170.7911, 0.3568, 35, 22.55
9:26:09 AM, 72.90, 170.3915, 0.3715, 35, 22.16
9:26:10 AM, 72.90, 170.1918, 0.3959, 35, 21.77
9:26:11 AM, 72.90, 170.5913, 0.3959, 31, 21.97
9:26:12 AM, 72.90, 170.3915, 0.3910, 31, 21.97
9:26:13 AM, 72.90, 170.1918, 0.3812, 35, 21.97
9:26:14 AM, 73.09, 170.9908, 0.3812, 35, 21.19
9:26:15 AM, 72.90, 170.3915, 0.3763, 31, 21.58
9:26:16 AM, 72.71, 170.1918, 0.4154, 35, 21.97
9:26:17 AM, 72.90, 169.7923, 0.4154, 35, 24.11
9:26:18 AM, 72.71, 170.1918, 0.3715, 35, 21.97
9:26:19 AM, 72.71, 169.9920, 0.4154, 35, 21.97
9:26:20 AM, 72.71, 169.7923, 0.4154, 35, 21.19
9:26:21 AM, 72.71, 172.5889, 0.4154, 31, 21.58
9:26:22 AM, 72.71, 169.5925, 0.4154, 35, 24.30
9:26:23 AM, 72.51, 169.7923, 0.4154, 35, 21.38
9:26:24 AM, 72.71, 169.9920, 0.4057, 35, 21.97
9:26:25 AM, 72.90, 169.9920, 0.4057, 35, 21.97
9:26:26 AM, 72.90, 170.1918, 0.3910, 35, 21.58
9:26:27 AM, 72.90, 170.1918, 0.3959, 35, 21.97
9:26:28 AM, 73.09, 170.1918, 0.3959, 31, 21.77
9:26:29 AM, 72.90, 170.5913, 0.3763, 35, 21.77
9:26:30 AM, 72.71, 170.3915, 0.3763, 31, 21.58
9:26:31 AM, 72.71, 169.7923, 0.4154, 35, 22.16
9:26:32 AM, 72.71, 169.7923, 0.4154, 35, 21.77
9:26:33 AM, 72.71, 169.9920, 0.4154, 31, 21.19
9:26:34 AM, 72.71, 169.5925, 0.4203, 35, 22.16
9:26:35 AM, 72.71, 169.9920, 0.4154, 35, 21.97
9:26:36 AM, 72.71, 169.7923, 0.4154, 35, 22.16
9:26:37 AM, 72.71, 170.1918, 0.4154, 35, 21.00
9:26:38 AM, 72.90, 170.1918, 0.3812, 31, 22.55
9:26:39 AM, 72.71, 169.9920, 0.3910, 35, 22.16
9:26:40 AM, 72.71, 169.9920, 0.3910, 35, 21.77
9:26:41 AM, 72.71, 169.7923, 0.4154, 31, 21.97
9:26:42 AM, 72.71, 170.1918, 0.4154, 35, 22.16
9:26:43 AM, 72.71, 169.7923, 0.4252, 35, 21.77
9:26:44 AM, 72.71, 169.9920, 0.4106, 35, 21.77
9:26:45 AM, 72.71, 169.9920, 0.3861, 35, 21.58
9:26:46 AM, 72.71, 169.9920, 0.4203, 31, 21.97
9:26:47 AM, 72.71, 169.9920, 0.3959, 35, 21.77
9:26:48 AM, 72.90, 169.7923, 0.4106, 31, 22.36
9:26:49 AM, 72.90, 170.3915, 0.3910, 35, 21.97
9:26:50 AM, 72.90, 170.1918, 0.3666, 35, 21.77
9:26:51 AM, 72.90, 170.1918, 0.3959, 35, 22.36
9:26:52 AM, 72.90, 170.5913, 0.3079, 35, 22.16
9:26:53 AM, 72.90, 170.3915, 0.3763, 35, 22.16
9:26:54 AM, 73.09, 170.3915, 0.3666, 35, 22.16
9:26:55 AM, 72.71, 170.5913, 0.3666, 31, 22.36
9:26:56 AM, 72.71, 169.9920, 0.4154, 35, 22.16
9:26:57 AM, 72.71, 170.1918, 0.3910, 35, 21.97
9:26:58 AM, 72.71, 172.5889, 0.4154, 31, 21.97
9:26:59 AM, 72.71, 169.7923, 0.3861, 31, 22.55
9:27:00 AM, 72.71, 169.9920, 0.4154, 35, 21.77
9:27:01 AM, 72.71, 169.9920, 0.4154, 31, 22.16
9:27:02 AM, 72.90, 170.1918, 0.4106, 35, 21.58
9:27:03 AM, 72.71, 170.5913, 0.3959, 35, 21.97
9:27:04 AM, 72.90, 169.9920, 0.4057, 31, 21.97
9:27:05 AM, 72.90, 169.9920, 0.3812, 35, 21.97
9:27:06 AM, 73.09, 170.1918, 0.3959, 35, 21.97
9:27:07 AM, 72.90, 170.9908, 0.3715, 35, 21.38
9:27:08 AM, 72.71, 170.1918, 0.3959, 31, 22.16
9:27:09 AM, 72.71, 169.9920, 0.4106, 35, 21.97
9:27:10 AM, 72.71, 170.1918, 0.4203, 35, 22.16
9:27:11 AM, 72.71, 169.9920, 0.3959, 31, 22.74
9:27:12 AM, 72.71, 169.9920, 0.3959, 35, 21.97
9:27:13 AM, 72.71, 170.1918, 0.3861, 35, 22.16
9:27:14 AM, 72.71, 170.1918, 0.4154, 35, 21.58
9:27:15 AM, 72.71, 170.9908, 0.4154, 35, 21.19
9:27:16 AM, 72.90, 169.5925, 0.3910, 31, 21.97
9:27:17 AM, 73.09, 170.1918, 0.3959, 35, 22.16
9:27:18 AM, 72.90, 170.5913, 0.4301, 35, 21.77
9:27:19 AM, 72.90, 170.3915, 0.3861, 35, 25.66
9:27:20 AM, 72.90, 170.5913, 0.3959, 31, 21.58
9:27:21 AM, 72.90, 170.3915, 0.3763, 35, 22.55
9:27:22 AM, 72.90, 170.5913, 0.3715, 31, 22.36
9:27:23 AM, 72.71, 170.3915, 0.3910, 35, 22.16
9:27:24 AM, 72.71, 170.9908, 0.4106, 35, 21.38
9:27:25 AM, 72.71, 169.9920, 0.4106, 35, 22.16
9:27:26 AM, 72.71, 169.9920, 0.4106, 35, 22.36
9:27:27 AM, 72.71, 169.9920, 0.4106, 35, 22.36
9:27:28 AM, 72.71, 170.1918, 0.3959, 35, 21.97
9:27:29 AM, 72.71, 170.1918, 0.4154, 31, 21.97
9:27:30 AM, 72.71, 169.9920, 0.4106, 31, 22.16
9:27:31 AM, 72.71, 169.9920, 0.4008, 35, 22.16
9:27:32 AM, 72.90, 169.9920, 0.4154, 35, 22.55
9:27:33 AM, 72.90, 170.3915, 0.4008, 35, 21.97
9:27:34 AM, 72.90, 170.3915, 0.3959, 31, 19.44
9:27:35 AM, 72.90, 170.3915, 0.3861, 35, 21.77
9:27:36 AM, 73.09, 170.3915, 0.4106, 35, 22.74
9:27:37 AM, 72.90, 170.5913, 0.3861, 35, 21.97
9:27:38 AM, 72.90, 172.9884, 0.4008, 31, 22.16
9:27:39 AM, 73.09, 170.5913, 0.3861, 35, 21.58
9:27:40 AM, 72.90, 170.1918, 0.3763, 31, 21.77
9:27:41 AM, 72.90, 170.1918, 0.3910, 35, 21.77
9:27:42 AM, 72.90, 170.3915, 0.3715, 31, 21.58
9:27:43 AM, 73.09, 170.5913, 0.3959, 31, 22.16
9:27:44 AM, 72.90, 170.5913, 0.3666, 35, 21.77
9:27:45 AM, 72.90, 170.3915, 0.3959, 31, 22.55
9:27:46 AM, 72.90, 170.3915, 0.3959, 31, 21.97
9:27:47 AM, 72.90, 170.3915, 0.3959, 35, 22.16
9:27:48 AM, 72.90, 170.1918, 0.4008, 35, 22.16
9:27:49 AM, 72.90, 170.1918, 0.3910, 31, 21.77
9:27:50 AM, 72.71, 170.3915, 0.3959, 35, 22.36
9:27:51 AM, 72.90, 169.9920, 0.4154, 35, 21.97
9:27:52 AM, 72.71, 170.3915, 0.3519, 35, 22.36
9:27:53 AM, 72.71, 169.9920, 0.3959, 35, 22.36
9:27:54 AM, 72.71, 169.9920, 0.3910, 35, 22.36
9:27:55 AM, 72.71, 169.5925, 0.3861, 35, 22.16
9:27:56 AM, 72.90, 169.5925, 0.4154, 31, 20.02
9:27:57 AM, 72.51, 170.3915, 0.3861, 31, 21.77
9:27:58 AM, 72.51, 169.9920, 0.4203, 35, 22.16
9:27:59 AM, 72.71, 169.3928, 0.4008, 35, 22.16
9:28:00 AM, 72.71, 169.7923, 0.3959, 35, 18.47
9:28:01 AM, 72.90, 170.1918, 0.4154, 35, 22.36
9:28:02 AM, 72.90, 170.3915, 0.3861, 35, 25.27
9:28:03 AM, 73.09, 169.7923, 0.3959, 31, 22.16
9:28:04 AM, 72.90, 170.7911, 0.3715, 35, 21.97
9:28:05 AM, 72.90, 170.3915, 0.3763, 35, 22.36
9:28:06 AM, 73.09, 170.3915, 0.3519, 35, 22.36
9:28:07 AM, 72.90, 169.9920, 0.3568, 35, 22.16
9:28:08 AM, 72.90, 170.1918, 0.3959, 35, 22.16
9:28:09 AM, 72.90, 170.3915, 0.4008, 35, 22.74
9:28:10 AM, 72.90, 169.7923, 0.3959, 35, 22.55
9:28:11 AM, 72.90, 170.3915, 0.3959, 35, 22.16
9:28:12 AM, 72.71, 170.3915, 0.3715, 35, 21.97
9:28:13 AM, 72.71, 170.1918, 0.3910, 35, 22.16
9:28:14 AM, 72.71, 170.1918, 0.4154, 31, 22.16
9:28:15 AM, 72.71, 169.9920, 0.4203, 31, 21.97
9:28:16 AM, 72.71, 169.9920, 0.3959, 35, 22.36
9:28:17 AM, 72.51, 169.9920, 0.4106, 35, 22.36
9:28:18 AM, 72.51, 170.1918, 0.4350, 35, 21.77
9:28:19 AM, 72.71, 169.7923, 0.4203, 31, 21.77
9:28:20 AM, 72.90, 170.1918, 0.3959, 35, 21.77
9:28:21 AM, 72.71, 170.3915, 0.3763, 35, 21.97
9:28:22 AM, 72.71, 169.9920, 0.4252, 31, 21.97
9:28:23 AM, 72.71, 170.5913, 0.4154, 35, 25.08
9:28:24 AM, 72.71, 170.1918, 0.3959, 35, 21.38
9:28:25 AM, 72.71, 170.1918, 0.4203, 35, 22.16
9:28:26 AM, 72.71, 170.1918, 0.4252, 31, 22.55
9:28:27 AM, 72.90, 169.5925, 0.4301, 35, 21.97
9:28:28 AM, 72.71, 169.9920, 0.3959, 35, 21.97
9:28:29 AM, 72.90, 173.1881, 0.4203, 35, 21.58
9:28:30 AM, 73.09, 170.3915, 0.3959, 35, 22.36
9:28:31 AM, 72.90, 170.5913, 0.3617, 35, 21.97
9:28:32 AM, 72.90, 170.3915, 0.3959, 35, 21.97
9:28:33 AM, 72.90, 170.3915, 0.3910, 31, 22.16
9:28:34 AM, 72.90, 170.7911, 0.3812, 35, 21.97
9:28:35 AM, 72.90, 170.3915, 0.3861, 35, 21.77
9:28:36 AM, 72.90, 170.3915, 0.3617, 31, 22.36
9:28:37 AM, 72.90, 170.5913, 0.3568, 31, 21.97
9:28:38 AM, 72.90, 170.3915, 0.3666, 31, 22.55
9:28:39 AM, 72.90, 170.3915, 0.3861, 35, 22.16
9:28:40 AM, 72.90, 170.5913, 0.3861, 35, 21.77
9:28:41 AM, 72.90, 170.7911, 0.3568, 35, 21.97
9:28:42 AM, 72.90, 170.3915, 0.3617, 35, 21.97
9:28:43 AM, 72.90, 170.3915, 0.3861, 35, 21.97
9:28:44 AM, 73.09, 170.3915, 0.4008, 35, 21.97
9:28:45 AM, 72.90, 170.5913, 0.3715, 35, 21.77
9:28:46 AM, 72.90, 170.1918, 0.3910, 35, 22.74
9:28:47 AM, 72.90, 170.7911, 0.3910, 31, 21.77
9:28:48 AM, 72.90, 170.3915, 0.3959, 31, 21.77
9:28:49 AM, 72.90, 170.3915, 0.3959, 35, 21.19
9:28:50 AM, 72.71, 170.3915, 0.3959, 31, 21.97
9:28:51 AM, 72.90, 169.5925, 0.4154, 35, 21.58
9:28:52 AM, 72.90, 170.5913, 0.3910, 35, 22.16
9:28:53 AM, 72.90, 170.5913, 0.3910, 35, 21.19
9:28:54 AM, 72.90, 170.3915, 0.3715, 35, 22.16
9:28:55 AM, 72.90, 170.5913, 0.3959, 31, 22.74
9:28:56 AM, 73.09, 170.5913, 0.3910, 35, 22.16
9:28:57 AM, 72.71, 170.5913, 0.3763, 35, 21.97
9:28:58 AM, 72.71, 169.9920, 0.4154, 31, 22.36
9:28:59 AM, 72.71, 169.7923, 0.4203, 35, 22.36
9:29:00 AM, 72.90, 169.7923, 0.4154, 35, 22.16
9:29:01 AM, 73.09, 170.1918, 0.3910, 31, 21.58
9:29:02 AM, 72.90, 170.3915, 0.3519, 35, 21.77
9:29:03 AM, 72.90, 170.5913, 0.3910, 35, 21.77
9:29:04 AM, 73.09, 170.1918, 0.3861, 35, 22.55
9:29:05 AM, 72.90, 170.5913, 0.3666, 31, 21.77
9:29:06 AM, 72.90, 170.3915, 0.3861, 35, 22.16
9:29:07 AM, 72.90, 169.9920, 0.3910, 31, 21.77
9:29:08 AM, 72.90, 170.3915, 0.4057, 35, 21.97
9:29:09 AM, 73.09, 170.3915, 0.3617, 35, 22.55
9:29:10 AM, 72.90, 169.9920, 0.3861, 35, 22.16
9:29:11 AM, 73.09, 170.3915, 0.4057, 35, 22.55
9:29:12 AM, 72.90, 170.7911, 0.3763, 35, 22.16
9:29:13 AM, 72.90, 170.5913, 0.3666, 35, 21.97
9:29:14 AM, 72.71, 169.9920, 0.3910, 35, 21.77
9:29:15 AM, 72.71, 169.5925, 0.4301, 31, 21.97
9:29:16 AM, 72.71, 170.1918, 0.4252, 35, 22.16
9:29:17 AM, 72.71, 169.9920, 0.4252, 35, 21.97
9:29:18 AM, 72.71, 170.1918, 0.4008, 35, 21.97
9:29:19 AM, 72.90, 170.1918, 0.3861, 31, 22.16
9:29:20 AM, 72.90, 170.7911, 0.3910, 31, 21.97
9:29:21 AM, 73.09, 170.5913, 0.3715, 31, 21.97
9:29:22 AM, 72.90, 170.5913, 0.3812, 35, 22.16
9:29:23 AM, 72.90, 170.3915, 0.3910, 35, 21.77
9:29:24 AM, 73.09, 170.3915, 0.3715, 35, 21.97
9:29:25 AM, 73.09, 172.5889, 0.3470, 35, 21.77
9:29:26 AM, 73.09, 170.5913, 0.3763, 35, 21.58
9:29:27 AM, 73.29, 170.7911, 0.3617, 35, 22.16
9:29:28 AM, 73.09, 171.1906, 0.3568, 35, 21.58
9:29:29 AM, 72.90, 170.7911, 0.3763, 31, 21.58
9:29:30 AM, 72.71, 170.5913, 0.3861, 35, 21.77
9:29:31 AM, 72.71, 170.1918, 0.4252, 35, 21.77
9:29:32 AM, 72.71, 170.1918, 0.4448, 35, 20.02
9:29:33 AM, 72.71, 170.1918, 0.4154, 35, 21.58
9:29:34 AM, 72.71, 169.9920, 0.3861, 31, 24.69
9:29:35 AM, 72.71, 170.3915, 0.4106, 35, 21.58
9:29:36 AM, 72.71, 170.1918, 0.3812, 35, 21.97
9:29:37 AM, 72.71, 169.7923, 0.4154, 31, 22.16
9:29:38 AM, 72.71, 169.9920, 0.3910, 35, 22.16
9:29:39 AM, 72.71, 170.1918, 0.4057, 35, 22.16
9:29:40 AM, 72.71, 169.9920, 0.3910, 31, 22.36
9:29:41 AM, 72.71, 169.9920, 0.4106, 35, 22.55
9:29:42 AM, 72.71, 169.3928, 0.4154, 35, 21.58
9:29:43 AM, 72.71, 169.9920, 0.4203, 35, 22.16
9:29:44 AM, 72.71, 170.1918, 0.4154, 31, 21.97
9:29:45 AM, 72.71, 169.5925, 0.4301, 35, 21.77
9:29:46 AM, 72.51, 170.1918, 0.4252, 35, 21.58
9:29:47 AM, 72.71, 170.1918, 0.4203, 35, 22.74
9:29:48 AM, 72.71, 169.7923, 0.3861, 35, 22.16
9:29:49 AM, 72.71, 169.9920, 0.4057, 31, 21.19
9:29:50 AM, 72.71, 170.1918, 0.4154, 35, 22.16
9:29:51 AM, 72.90, 170.1918, 0.4154, 35, 22.36
9:29:52 AM, 72.90, 170.3915, 0.3910, 35, 21.77
9:29:53 AM, 72.90, 170.5913, 0.4008, 35, 21.38
9:29:54 AM, 72.90, 170.5913, 0.3910, 31, 22.16
9:29:55 AM, 73.09, 170.7911, 0.3861, 31, 21.77
9:29:56 AM, 72.90, 170.5913, 0.3763, 35, 21.97
9:29:57 AM, 72.90, 170.3915, 0.3861, 35, 22.16
9:29:58 AM, 72.71, 170.1918, 0.3910, 31, 21.77
9:29:59 AM, 72.71, 170.5913, 0.3861, 35, 24.49
9:30:00 AM, 72.71, 170.1918, 0.4057, 35, 21.58
9:30:01 AM, 72.71, 170.1918, 0.4154, 35, 21.97
9:30:02 AM, 72.71, 169.3928, 0.4301, 35, 22.16
9:30:03 AM, 72.71, 169.9920, 0.4106, 31, 21.58
9:30:04 AM, 72.71, 169.9920, 0.4154, 35, 21.97
9:30:05 AM, 72.71, 170.3915, 0.4203, 35, 22.16
9:30:06 AM, 72.90, 169.9920, 0.3861, 31, 22.36
9:30:07 AM, 72.90, 170.5913, 0.3959, 35, 22.16
9:30:08 AM, 73.09, 170.7911, 0.3617, 35, 22.16
9:30:09 AM, 72.71, 171.1906, 0.3079, 35, 21.97
9:30:10 AM, 72.71, 170.1918, 0.4203, 35, 22.16
9:30:11 AM, 72.71, 170.1918, 0.4154, 31, 21.97
9:30:12 AM, 72.71, 170.1918, 0.4203, 35, 21.38
9:30:13 AM, 72.71, 170.1918, 0.4154, 35, 22.36
9:30:14 AM, 72.71, 170.1918, 0.3812, 35, 22.36
9:30:15 AM, 72.90, 169.5925, 0.3861, 31, 21.97
9:30:16 AM, 73.09, 170.5913, 0.3959, 31, 22.36
9:30:17 AM, 73.09, 170.7911, 0.3763, 35, 22.36
9:30:18 AM, 72.90, 170.9908, 0.3910, 35, 21.97
9:30:19 AM, 72.90, 170.3915, 0.3861, 35, 21.97
9:30:20 AM, 73.09, 170.3915, 0.3861, 35, 21.97
9:30:21 AM, 73.09, 170.5913, 0.3812, 35, 22.16
9:30:22 AM, 72.90, 170.7911, 0.4790, 31, 22.55
9:30:23 AM, 73.09, 170.5913, 0.3910, 35, 22.36
9:30:24 AM, 73.29, 170.3915, 0.3861, 35, 21.58
9:30:25 AM, 73.09, 170.9908, 0.3275, 31, 21.77
9:30:26 AM, 72.71, 170.7911, 0.3715, 35, 22.55
9:30:27 AM, 72.90, 170.3915, 0.4203, 35, 22.16
9:30:28 AM, 72.90, 170.5913, 0.3861, 35, 22.55
9:30:29 AM, 72.90, 170.5913, 0.3959, 35, 21.97
9:30:30 AM, 72.90, 170.7911, 0.3519, 35, 21.77
9:30:31 AM, 72.90, 170.5913, 0.3910, 35, 20.02
9:30:32 AM, 72.90, 170.3915, 0.3861, 35, 23.33
9:30:33 AM, 73.09, 169.7923, 0.3812, 31, 22.36
9:30:34 AM, 72.90, 170.7911, 0.3763, 31, 21.97
9:30:35 AM, 72.71, 170.9908, 0.3910, 35, 21.19
9:30:36 AM, 72.90, 170.1918, 0.4203, 35, 22.36
9:30:37 AM, 72.90, 170.5913, 0.3763, 31, 22.55
9:30:38 AM, 72.90, 170.5913, 0.3910, 35, 21.77
9:30:39 AM, 72.90, 170.5913, 0.3959, 35, 24.69
9:30:40 AM, 72.90, 170.3915, 0.3861, 31, 22.16
9:30:41 AM, 72.71, 170.3915, 0.3763, 35, 22.36
9:30:42 AM, 72.71, 170.1918, 0.4154, 31, 21.77
9:30:43 AM, 72.71, 170.5913, 0.4106, 35, 24.30
9:30:44 AM, 72.90, 172.5889, 0.4154, 35, 21.58
9:30:45 AM, 72.71, 169.9920, 0.4154, 31, 21.38
9:30:46 AM, 72.71, 170.3915, 0.3910, 35, 23.91
9:30:47 AM, 72.71, 169.7923, 0.4252, 35, 21.97
9:30:48 AM, 72.51, 170.1918, 0.4154, 35, 22.16
9:30:49 AM, 72.71, 169.9920, 0.5083, 35, 22.16
9:30:50 AM, 72.71, 170.1918, 0.4057, 35, 22.55
9:30:51 AM, 72.71, 170.3915, 0.3861, 31, 21.77
9:30:52 AM, 72.90, 169.9920, 0.3861, 31, 21.97
9:30:53 AM, 73.09, 170.5913, 0.3959, 35, 22.16
9:30:54 AM, 72.90, 170.9908, 0.3861, 35, 21.19
9:30:55 AM, 72.90, 170.3915, 0.3959, 31, 22.55
9:30:56 AM, 72.71, 170.3915, 0.3959, 35, 21.58
9:30:57 AM, 72.90, 170.3915, 0.4154, 35, 21.58
9:30:58 AM, 72.90, 170.5913, 0.3959, 35, 22.16
9:30:59 AM, 72.71, 170.5913, 0.4008, 35, 21.97
9:31:00 AM, 72.71, 170.1918, 0.3959, 31, 21.97
9:31:01 AM, 72.71, 170.3915, 0.4154, 35, 20.80
9:31:02 AM, 72.90, 170.3915, 0.3861, 35, 21.97
9:31:03 AM, 72.90, 170.5913, 0.4008, 35, 22.36
9:31:04 AM, 72.90, 170.3915, 0.3959, 35, 22.74
9:31:05 AM, 73.09, 170.3915, 0.4839, 35, 22.55
9:31:06 AM, 72.71, 170.1918, 0.4154, 35, 22.36
9:31:07 AM, 72.71, 170.1918, 0.4154, 35, 22.16
9:31:08 AM, 72.90, 170.9908, 0.4154, 31, 21.00
9:31:09 AM, 73.09, 170.5913, 0.3861, 35, 21.77
9:31:10 AM, 72.90, 170.7911, 0.3617, 35, 22.36
9:31:11 AM, 72.90, 170.3915, 0.3861, 35, 22.16
9:31:12 AM, 72.90, 170.5913, 0.3910, 35, 21.77
9:31:13 AM, 73.09, 170.5913, 0.3910, 31, 21.97
9:31:14 AM, 72.90, 170.7911, 0.3715, 35, 22.16
9:31:15 AM, 72.90, 170.5913, 0.4350, 31, 22.55
9:31:16 AM, 72.90, 170.1918, 0.3910, 31, 22.36
9:31:17 AM, 73.09, 170.5913, 0.3959, 31, 22.16
9:31:18 AM, 72.90, 170.7911, 0.3715, 35, 21.58
9:31:19 AM, 72.71, 173.7874, 0.3910, 35, 22.16
9:31:20 AM, 72.51, 170.1918, 0.4154, 35, 22.36
9:31:21 AM, 72.90, 169.9920, 0.4057, 31, 22.16
9:31:22 AM, 72.90, 170.7911, 0.3910, 35, 21.77
9:31:23 AM, 72.71, 170.5913, 0.3715, 35, 22.36
9:31:24 AM, 72.71, 170.3915, 0.3715, 35, 22.36
9:31:25 AM, 72.90, 169.9920, 0.3959, 31, 22.36
9:31:26 AM, 73.09, 170.5913, 0.4008, 31, 21.77
9:31:27 AM, 72.90, 170.7911, 0.3372, 35, 22.16
9:31:28 AM, 72.90, 170.9908, 0.3568, 35, 21.97
9:31:29 AM, 73.09, 170.5913, 0.3861, 35, 21.97
9:31:30 AM, 73.09, 170.7911, 0.3812, 31, 21.58
9:31:31 AM, 72.90, 170.7911, 0.3763, 35, 21.97
9:31:32 AM, 72.90, 170.5913, 0.3959, 35, 22.16
9:31:33 AM, 72.90, 172.5889, 0.3715, 31, 21.58
9:31:34 AM, 73.09, 170.5913, 0.3959, 35, 21.77
9:31:35 AM, 72.71, 170.5913, 0.3959, 35, 21.97
9:31:36 AM, 72.71, 170.1918, 0.4154, 35, 22.16
9:31:37 AM, 72.71, 170.1918, 0.4252, 35, 22.16
9:31:38 AM, 72.71, 170.1918, 0.4252, 31, 22.36
9:31:39 AM, 72.71, 170.1918, 0.4154, 35, 22.36
9:31:40 AM, 72.71, 170.1918, 0.4252, 35, 21.58
9:31:41 AM, 72.90, 170.7911, 0.4154, 31, 21.77
9:31:42 AM, 72.71, 170.5913, 0.3959, 35, 21.19
9:31:43 AM, 72.90, 169.9920, 0.3861, 35, 22.36
9:31:44 AM, 73.09, 170.3915, 0.3617, 35, 22.36
9:31:45 AM, 72.90, 170.5913, 0.3861, 31, 22.36
9:31:46 AM, 72.71, 170.5913, 0.3910, 35, 22.55
9:31:47 AM, 72.71, 170.1918, 0.4154, 31, 22.74
9:31:48 AM, 72.90, 169.9920, 0.4008, 31, 25.86
9:31:49 AM, 73.09, 170.5913, 0.3617, 31, 21.97
9:31:50 AM, 72.71, 170.3915, 0.3861, 35, 21.58
9:31:51 AM, 72.90, 170.1918, 0.4008, 31, 22.16
9:31:52 AM, 73.09, 172.1893, 0.3861, 35, 22.36
9:31:53 AM, 72.90, 170.5913, 0.3666, 31, 21.77
9:31:54 AM, 72.90, 170.3915, 0.4057, 31, 22.16
9:31:55 AM, 72.71, 170.3915, 0.4008, 31, 21.97
9:31:56 AM, 72.90, 169.9920, 0.4057, 35, 21.58
9:31:57 AM, 72.90, 170.9908, 0.3519, 35, 21.97
9:31:58 AM, 72.90, 170.5913, 0.3910, 31, 21.97
9:31:59 AM, 72.90, 170.3915, 0.3959, 35, 21.77
9:32:00 AM, 72.90, 170.5913, 0.3666, 35, 21.77
9:32:01 AM, 72.90, 170.7911, 0.3666, 35, 21.38
9:32:02 AM, 72.71, 170.5913, 0.3959, 31, 22.16
9:32:03 AM, 72.51, 169.9920, 0.4154, 31, 21.58
9:32:04 AM, 72.90, 172.5889, 0.4203, 35, 22.94
9:32:05 AM, 73.09, 170.3915, 0.3959, 35, 22.55
9:32:06 AM, 72.71, 170.5913, 0.3861, 31, 21.97
9:32:07 AM, 72.90, 170.3915, 0.3861, 35, 21.97
9:32:08 AM, 72.90, 170.3915, 0.4008, 31, 21.97
9:32:09 AM, 73.09, 170.5913, 0.3861, 35, 22.36
9:32:10 AM, 72.90, 170.9908, 0.3763, 35, 21.19
9:32:11 AM, 72.90, 170.3915, 0.3861, 35, 22.16
9:32:12 AM, 73.09, 170.3915, 0.3910, 35, 21.77
9:32:13 AM, 72.90, 170.7911, 0.3666, 35, 22.36
9:32:14 AM, 72.71, 170.5913, 0.3910, 31, 22.16
9:32:15 AM, 72.90, 170.3915, 0.3910, 35, 22.16
9:32:16 AM, 73.09, 170.5913, 0.3861, 35, 21.19
9:32:17 AM, 73.09, 170.7911, 0.3763, 31, 21.77
9:32:18 AM, 73.09, 170.5913, 0.3763, 31, 21.38
9:32:19 AM, 73.09, 170.9908, 0.3666, 35, 21.97
9:32:20 AM, 72.90, 170.5913, 0.3763, 31, 21.77
9:32:21 AM, 72.90, 170.3915, 0.3910, 35, 22.36
9:32:22 AM, 72.90, 170.5913, 0.3763, 35, 22.36
9:32:23 AM, 73.09, 170.5913, 0.3666, 35, 25.47
9:32:24 AM, 73.09, 170.9908, 0.3519, 35, 21.38
9:32:25 AM, 72.90, 170.5913, 0.3519, 31, 22.55
9:32:26 AM, 72.90, 172.5889, 0.4106, 35, 21.97
9:32:27 AM, 73.09, 170.3915, 0.3617, 35, 21.97
9:32:28 AM, 72.90, 170.5913, 0.3861, 35, 21.97
9:32:29 AM, 72.90, 170.3915, 0.3617, 31, 21.58
9:32:30 AM, 73.09, 169.7923, 0.3910, 35, 22.36
9:32:31 AM, 73.29, 170.9908, 0.3079, 31, 22.16
9:32:32 AM, 73.29, 170.9908, 0.3568, 35, 22.16
9:32:33 AM, 73.09, 170.9908, 0.3763, 35, 21.97
9:32:34 AM, 73.29, 170.5913, 0.3763, 31, 22.55
9:32:35 AM, 73.29, 171.1906, 0.3568, 35, 22.16
9:32:36 AM, 72.90, 170.9908, 0.3470, 35, 21.58
9:32:37 AM, 72.90, 170.1918, 0.3861, 35, 21.77
9:32:38 AM, 72.90, 170.5913, 0.4008, 31, 22.36
9:32:39 AM, 73.09, 170.5913, 0.3959, 31, 22.55
9:32:40 AM, 72.71, 170.7911, 0.3763, 35, 21.97
9:32:41 AM, 72.71, 170.1918, 0.4057, 35, 22.55
9:32:42 AM, 72.71, 172.5889, 0.4154, 35, 21.97
9:32:43 AM, 72.71, 169.9920, 0.4154, 35, 21.77
9:32:44 AM, 72.71, 170.3915, 0.3861, 35, 22.36
9:32:45 AM, 72.71, 169.9920, 0.3910, 35, 22.16
9:32:46 AM, 72.71, 170.1918, 0.4154, 35, 22.36
9:32:47 AM, 72.51, 170.1918, 0.3763, 35, 21.58
9:32:48 AM, 72.71, 169.9920, 0.3861, 31, 22.36
9:32:49 AM, 72.71, 170.1918, 0.3959, 31, 21.38
9:32:50 AM, 72.71, 170.1918, 0.4106, 35, 21.97
9:32:51 AM, 72.71, 169.9920, 0.4154, 35, 21.38
9:32:52 AM, 72.71, 170.3915, 0.4154, 35, 19.63
9:32:53 AM, 72.71, 170.1918, 0.4154, 35, 22.16
9:32:54 AM, 72.71, 170.3915, 0.3861, 31, 21.19
9:32:55 AM, 72.51, 169.9920, 0.4252, 31, 21.97
9:32:56 AM, 72.71, 169.9920, 0.4301, 31, 21.58
9:32:57 AM, 72.71, 169.3928, 0.4301, 31, 21.97
9:32:58 AM, 72.51, 170.1918, 0.3861, 35, 21.97
9:32:59 AM, 72.51, 169.9920, 0.4252, 31, 22.55
9:33:00 AM, 72.71, 169.9920, 0.4057, 35, 22.55
9:33:01 AM, 72.71, 170.1918, 0.4106, 35, 22.16
9:33:02 AM, 72.71, 170.1918, 0.4057, 35, 21.58
9:33:03 AM, 72.71, 170.3915, 0.3910, 35, 21.77
9:33:04 AM, 72.90, 170.1918, 0.4154, 35, 21.97
9:33:05 AM, 73.09, 170.5913, 0.3959, 35, 21.38
9:33:06 AM, 72.90, 170.5913, 0.3568, 35, 22.94
9:33:07 AM, 72.90, 170.3915, 0.3959, 31, 21.77
9:33:08 AM, 72.90, 169.9920, 0.3666, 35, 22.55
9:33:09 AM, 73.09, 170.3915, 0.3861, 35, 22.16
9:33:10 AM, 72.90, 170.5913, 0.3959, 35, 22.74
9:33:11 AM, 72.90, 170.5913, 0.3959, 35, 22.36
9:33:12 AM, 73.09, 170.3915, 0.3763, 35, 22.36
9:33:13 AM, 72.90, 170.5913, 0.3470, 35, 22.55
9:33:14 AM, 72.71, 170.3915, 0.3715, 31, 23.52
9:33:15 AM, 72.71, 170.1918, 0.4106, 35, 21.77
9:33:16 AM, 72.90, 170.1918, 0.3959, 35, 22.36
9:33:17 AM, 72.90, 172.5889, 0.3763, 35, 21.77
9:33:18 AM, 72.71, 170.3915, 0.4008, 35, 21.97
9:33:19 AM, 72.71, 169.9920, 0.4106, 31, 21.77
9:33:20 AM, 72.90, 170.1918, 0.4154, 35, 22.74
9:33:21 AM, 73.09, 170.3915, 0.4008, 35, 21.97
9:33:22 AM, 72.90, 170.3915, 0.3763, 31, 21.19
9:33:23 AM, 72.71, 172.1893, 0.3959, 35, 22.16
9:33:24 AM, 72.90, 170.3915, 0.4203, 35, 22.55
9:33:25 AM, 73.09, 170.7911, 0.3666, 35, 22.16
9:33:26 AM, 72.90, 170.5913, 0.3763, 35, 21.77
9:33:27 AM, 72.90, 170.5913, 0.3861, 35, 21.38
9:33:28 AM, 72.90, 170.1918, 0.3812, 31, 21.97
9:33:29 AM, 73.09, 170.5913, 0.3910, 31, 22.16
9:33:30 AM, 73.09, 170.5913, 0.3519, 35, 21.97
9:33:31 AM, 72.90, 170.5913, 0.3666, 35, 22.55
9:33:32 AM, 72.90, 171.9896, 0.3715, 31, 21.19
9:33:33 AM, 73.09, 170.5913, 0.3910, 35, 22.16
9:33:34 AM, 72.90, 170.7911, 0.3763, 35, 21.58
9:33:35 AM, 72.90, 170.5913, 0.3959, 35, 22.36
9:33:36 AM, 72.90, 170.3915, 0.3910, 35, 21.77
9:33:37 AM, 72.90, 170.5913, 0.3861, 31, 24.88
9:33:38 AM, 73.09, 170.3915, 0.3959, 31, 22.16
9:33:39 AM, 72.90, 170.5913, 0.4057, 35, 21.58
9:33:40 AM, 72.90, 170.5913, 0.3910, 35, 22.16
9:33:41 AM, 73.09, 170.5913, 0.3763, 35, 22.74
9:33:42 AM, 72.90, 170.3915, 0.3715, 35, 21.97
9:33:43 AM, 72.90, 170.5913, 0.3715, 31, 21.38
9:33:44 AM, 72.90, 170.7911, 0.3568, 35, 22.16
9:33:45 AM, 73.09, 170.7911, 0.3715, 35, 22.55
9:33:46 AM, 72.71, 170.1918, 0.3617, 35, 22.55
9:33:47 AM, 72.90, 170.1918, 0.4203, 31, 21.97
9:33:48 AM, 73.09, 170.3915, 0.3763, 31, 22.55
9:33:49 AM, 72.90, 170.5913, 0.3715, 35, 21.97
9:33:50 AM, 72.90, 170.3915, 0.3763, 35, 24.30
9:33:51 AM, 72.90, 170.5913, 0.3812, 35, 22.36
9:33:52 AM, 73.09, 170.5913, 0.3763, 35, 22.16
9:33:53 AM, 72.90, 172.5889, 0.3959, 35, 21.77
9:33:54 AM, 72.90, 170.5913, 0.4008, 35, 21.97
9:33:55 AM, 72.90, 170.7911, 0.3959, 35, 21.97
9:33:56 AM, 73.09, 170.5913, 0.3861, 35, 22.16
9:33:57 AM, 72.90, 170.7911, 0.3763, 35, 22.36
9:33:58 AM, 72.90, 170.5913, 0.3959, 35, 25.86
9:33:59 AM, 72.90, 170.3915, 0.3861, 35, 21.97
9:34:00 AM, 72.90, 170.3915, 0.3715, 35, 22.55
9:34:01 AM, 72.71, 169.9920, 0.3861, 35, 21.97
9:34:02 AM, 72.71, 170.1918, 0.4154, 31, 21.97
9:34:03 AM, 72.71, 170.3915, 0.3861, 35, 21.19
9:34:04 AM, 72.71, 170.1918, 0.4106, 35, 21.97
9:34:05 AM, 72.71, 169.9920, 0.3959, 35, 22.36
9:34:06 AM, 72.71, 169.9920, 0.4154, 31, 20.80
9:34:07 AM, 72.90, 170.1918, 0.4106, 35, 22.16
9:34:08 AM, 73.09, 170.5913, 0.3861, 31, 25.27
9:34:09 AM, 72.90, 170.7911, 0.3519, 31, 21.97
9:34:10 AM, 72.90, 170.3915, 0.3959, 31, 21.97
9:34:11 AM, 72.90, 170.7911, 0.3959, 35, 22.36
9:34:12 AM, 73.09, 170.5913, 0.3910, 35, 21.97
9:34:13 AM, 72.90, 170.3915, 0.3519, 31, 21.97
9:34:14 AM, 72.90, 170.7911, 0.3910, 35, 21.38
9:34:15 AM, 73.09, 170.3915, 0.3812, 35, 22.55
9:34:16 AM, 72.90, 171.1906, 0.3763, 35, 21.58
9:34:17 AM, 72.71, 170.5913, 0.4008, 35, 21.58
9:34:18 AM, 72.71, 170.1918, 0.4154, 31, 21.97
9:34:19 AM, 72.71, 170.1918, 0.4106, 35, 21.97
9:34:20 AM, 72.90, 169.9920, 0.4057, 35, 21.97
9:34:21 AM, 72.90, 170.5913, 0.3959, 35, 22.36
9:34:22 AM, 72.90, 169.7923, 0.3861, 35, 21.77
9:34:23 AM, 73.09, 170.5913, 0.3959, 35, 21.19
9:34:24 AM, 73.29, 170.7911, 0.3812, 35, 21.77
9:34:25 AM, 73.09, 171.1906, 0.3568, 31, 21.77
9:34:26 AM, 73.09, 170.3915, 0.3666, 31, 21.97
9:34:27 AM, 73.29, 170.5913, 0.3861, 35, 21.97
9:34:28 AM, 73.29, 170.9908, 0.3519, 35, 21.97
9:34:29 AM, 73.09, 170.9908, 0.3861, 35, 21.38
9:34:30 AM, 73.09, 170.3915, 0.3861, 35, 21.77
9:34:31 AM, 73.29, 170.7911, 0.3763, 35, 22.16
9:34:32 AM, 73.09, 170.9908, 0.3568, 35, 22.16
9:34:33 AM, 72.90, 170.5913, 0.3812, 31, 21.58
9:34:34 AM, 72.90, 170.3915, 0.3959, 35, 22.16
9:34:35 AM, 72.90, 170.3915, 0.3715, 35, 22.16
9:34:36 AM, 72.90, 170.3915, 0.3715, 35, 21.97
9:34:37 AM, 72.71, 170.5913, 0.3910, 31, 22.16
9:34:38 AM, 72.71, 170.1918, 0.4203, 35, 21.97
9:34:39 AM, 72.90, 169.5925, 0.3861, 35, 21.77
9:34:40 AM, 73.09, 170.5913, 0.4350, 35, 22.55
9:34:41 AM, 72.90, 170.7911, 0.3812, 35, 22.55
9:34:42 AM, 72.71, 170.3915, 0.3861, 31, 21.58
9:34:43 AM, 72.71, 170.5913, 0.4203, 31, 21.58
9:34:44 AM, 72.71, 170.1918, 0.3959, 35, 22.36
9:34:45 AM, 72.71, 169.5925, 0.4301, 35, 21.97
9:34:46 AM, 72.90, 170.1918, 0.4497, 35, 21.58
9:34:47 AM, 73.09, 170.5913, 0.3666, 31, 22.16
9:34:48 AM, 72.90, 170.7911, 0.4252, 35, 22.55
9:34:49 AM, 72.71, 170.5913, 0.3959, 35, 21.77
9:34:50 AM, 72.71, 170.1918, 0.4154, 31, 21.38
9:34:51 AM, 72.90, 170.1918, 0.4203, 31, 22.55
9:34:52 AM, 72.71, 170.5913, 0.3959, 31, 21.97
9:34:53 AM, 72.71, 170.3915, 0.4154, 31, 21.97
9:34:54 AM, 72.90, 170.1918, 0.4154, 31, 22.16
9:34:55 AM, 72.90, 170.7911, 0.3079, 35, 21.77
9:34:56 AM, 72.90, 170.7911, 0.3959, 35, 22.36
9:34:57 AM, 73.09, 170.5913, 0.3959, 35, 21.38
9:34:58 AM, 72.90, 170.3915, 0.3666, 35, 22.36
9:34:59 AM, 73.09, 170.5913, 0.3910, 35, 22.36
9:35:00 AM, 72.90, 170.9908, 0.3715, 35, 21.58
9:35:01 AM, 72.90, 170.5913, 0.3959, 31, 22.16
9:35:02 AM, 72.90, 170.5913, 0.3861, 35, 22.36
9:35:03 AM, 73.09, 170.7911, 0.3568, 31, 29.94
9:35:04 AM, 73.29, 170.7911, 0.3568, 35, 22.36
9:35:05 AM, 73.09, 171.1906, 0.3372, 35, 22.36
9:35:06 AM, 72.90, 170.7911, 0.3617, 31, 21.97
9:35:07 AM, 73.09, 170.5913, 0.3910, 35, 21.97
9:35:08 AM, 73.29, 170.5913, 0.3763, 35, 21.58
9:35:09 AM, 73.09, 171.1906, 0.3324, 35, 21.97
9:35:10 AM, 73.09, 170.5913, 0.3861, 35, 22.36
9:35:11 AM, 73.29, 170.5913, 0.3861, 35, 22.36
9:35:12 AM, 73.09, 170.9908, 0.3617, 35, 21.97
9:35:13 AM, 72.90, 170.3915, 0.3910, 31, 22.16
9:35:14 AM, 72.71, 170.5913, 0.3666, 31, 21.97
9:35:15 AM, 72.71, 170.1918, 0.4106, 35, 21.58
9:35:16 AM, 72.71, 170.1918, 0.4154, 35, 22.36
9:35:17 AM, 72.71, 170.1918, 0.4154, 35, 22.16
9:35:18 AM, 72.71, 170.1918, 0.4057, 35, 22.16
9:35:19 AM, 72.71, 170.1918, 0.4154, 35, 21.97
9:35:20 AM, 72.71, 170.1918, 0.3959, 35, 18.47
9:35:21 AM, 72.90, 170.1918, 0.4252, 35, 21.97
9:35:22 AM, 72.90, 170.5913, 0.3959, 35, 21.97
9:35:23 AM, 72.90, 170.5913, 0.3861, 31, 25.27
9:35:24 AM, 73.09, 170.5913, 0.4008, 35, 22.36
9:35:25 AM, 72.71, 170.7911, 0.3861, 31, 21.19
9:35:26 AM, 72.90, 170.1918, 0.4154, 35, 22.55
9:35:27 AM, 73.09, 170.3915, 0.3959, 31, 22.55
9:35:28 AM, 72.90, 170.7911, 0.3763, 35, 21.38
9:35:29 AM, 72.90, 170.5913, 0.3861, 35, 22.16
9:35:30 AM, 72.90, 170.3915, 0.3617, 35, 21.58
9:35:31 AM, 72.71, 170.9908, 0.3861, 35, 21.38
9:35:32 AM, 72.71, 169.9920, 0.4154, 31, 21.19
9:35:33 AM, 72.71, 170.1918, 0.4154, 35, 22.55
9:35:34 AM, 72.71, 169.9920, 0.4154, 35, 21.77
9:35:35 AM, 72.71, 169.9920, 0.3910, 31, 22.16
9:35:36 AM, 72.71, 170.1918, 0.4154, 31, 21.97
9:35:37 AM, 72.71, 169.9920, 0.4057, 35, 22.36
9:35:38 AM, 72.90, 170.1918, 0.4057, 35, 22.55
9:35:39 AM, 72.90, 170.3915, 0.3959, 31, 21.97
9:35:40 AM, 72.90, 170.5913, 0.3861, 35, 22.74
9:35:41 AM, 72.71, 170.3915, 0.3959, 35, 21.58
9:35:42 AM, 72.90, 170.5913, 0.3959, 35, 22.55
9:35:43 AM, 72.90, 170.9908, 0.3959, 35, 21.38
9:35:44 AM, 72.90, 170.5913, 0.3959, 35, 21.97
9:35:45 AM, 73.09, 170.7911, 0.3959, 31, 22.55
9:35:46 AM, 72.90, 170.9908, 0.3715, 35, 22.36
9:35:47 AM, 72.71, 170.5913, 0.3910, 31, 21.97
9:35:48 AM, 72.71, 170.1918, 0.4203, 35, 22.36
9:35:49 AM, 72.90, 170.1918, 0.3959, 31, 21.97
9:35:50 AM, 73.09, 170.5913, 0.3959, 35, 22.36
9:35:51 AM, 73.29, 170.5913, 0.3763, 31, 21.97
9:35:52 AM, 72.90, 170.9908, 0.3568, 35, 22.55
9:35:53 AM, 72.90, 170.5913, 0.4008, 35, 22.16
9:35:54 AM, 72.90, 170.3915, 0.3715, 35, 22.16
9:35:55 AM, 72.90, 170.5913, 0.3959, 35, 22.16
9:35:56 AM, 72.90, 170.3915, 0.4203, 35, 21.77
9:35:57 AM, 73.09, 170.9908, 0.3959, 31, 21.19
9:35:58 AM, 73.29, 170.7911, 0.3763, 35, 22.36
9:35:59 AM, 73.09, 170.7911, 0.3568, 35, 22.36
9:36:00 AM, 72.90, 170.7911, 0.3519, 35, 22.16
9:36:01 AM, 72.90, 170.5913, 0.3910, 35, 22.36
9:36:02 AM, 72.90, 170.3915, 0.3959, 35, 21.38
9:36:03 AM, 72.90, 170.5913, 0.3666, 35, 21.77
9:36:04 AM, 72.90, 170.5913, 0.3959, 35, 21.77
9:36:05 AM, 72.71, 170.5913, 0.3812, 35, 22.16
9:36:06 AM, 72.90, 170.1918, 0.4106, 31, 22.16
9:36:07 AM, 73.09, 170.5913, 0.3910, 35, 21.58
9:36:08 AM, 72.90, 170.7911, 0.3763, 31, 21.58
9:36:09 AM, 72.90, 170.3915, 0.3959, 31, 21.97
9:36:10 AM, 72.90, 170.3915, 0.3959, 35, 22.36
9:36:11 AM, 72.90, 170.5913, 0.3910, 31, 22.36
9:36:12 AM, 72.90, 170.5913, 0.3959, 31, 22.74
9:36:13 AM, 72.71, 170.5913, 0.3959, 35, 22.36
9:36:14 AM, 72.71, 170.1918, 0.4203, 35, 22.16
9:36:15 AM, 72.71, 170.3915, 0.3959, 31, 21.97
9:36:16 AM, 72.71, 170.1918, 0.4252, 35, 22.16
9:36:17 AM, 72.71, 169.9920, 0.4252, 35, 21.58
9:36:18 AM, 72.71, 170.1918, 0.4252, 35, 22.16
9:36:19 AM, 72.71, 170.1918, 0.4008, 31, 22.16
9:36:20 AM, 72.71, 172.5889, 0.4252, 31, 22.16
9:36:21 AM, 72.90, 170.1918, 0.4203, 35, 21.58
9:36:22 AM, 72.71, 170.5913, 0.3763, 35, 22.74
9:36:23 AM, 72.71, 169.3928, 0.4301, 31, 21.97
9:36:24 AM, 72.90, 170.5913, 0.3861, 35, 24.49
9:36:25 AM, 72.90, 170.3915, 0.3763, 31, 21.97
9:36:26 AM, 72.90, 170.5913, 0.3861, 35, 21.58
9:36:27 AM, 72.71, 170.3915, 0.3861, 35, 25.27
9:36:28 AM, 72.71, 169.7923, 0.4106, 31, 21.77
9:36:29 AM, 72.71, 170.3915, 0.4008, 31, 22.36
9:36:30 AM, 72.71, 169.9920, 0.4057, 35, 22.16
9:36:31 AM, 72.51, 169.9920, 0.4203, 35, 22.55
9:36:32 AM, 72.71, 170.1918, 0.3861, 31, 18.47
9:36:33 AM, 72.90, 170.5913, 0.3959, 35, 22.36
9:36:34 AM, 73.09, 169.7923, 0.4008, 35, 21.97
9:36:35 AM, 72.71, 170.7911, 0.3715, 31, 21.58
9:36:36 AM, 72.71, 170.1918, 0.4203, 35, 22.94
9:36:37 AM, 72.71, 170.1918, 0.4008, 31, 22.36
9:36:38 AM, 72.71, 170.3915, 0.4203, 31, 21.77
9:36:39 AM, 72.71, 170.1918, 0.4154, 35, 21.58
9:36:40 AM, 72.71, 169.5925, 0.3861, 35, 22.16
9:36:41 AM, 72.90, 170.3915, 0.3861, 35, 22.16
9:36:42 AM, 72.90, 170.3915, 0.4106, 31, 22.55
9:36:43 AM, 72.90, 170.7911, 0.3715, 35, 21.77
9:36:44 AM, 72.90, 170.5913, 0.3959, 35, 21.97
9:36:45 AM, 72.90, 170.5913, 0.3910, 31, 21.97
9:36:46 AM, 73.09, 170.5913, 0.3812, 35, 21.58
9:36:47 AM, 72.90, 178.9810, 0.3617, 31, 22.36
9:36:48 AM, 72.90, 170.5913, 0.3470, 35, 21.58
9:36:49 AM, 73.09, 170.9908, 0.3666, 35, 21.77
9:36:50 AM, 72.90, 170.7911, 0.3812, 35, 22.36
9:36:51 AM, 72.90, 170.3915, 0.3959, 35, 21.97
9:36:52 AM, 72.90, 170.5913, 0.3959, 35, 22.36
9:36:53 AM, 72.90, 169.7923, 0.3910, 31, 21.77
9:36:54 AM, 73.09, 170.5913, 0.3861, 35, 22.16
9:36:55 AM, 72.90, 170.7911, 0.3715, 31, 22.55
9:36:56 AM, 72.71, 170.7911, 0.3617, 35, 21.97
9:36:57 AM, 72.90, 170.1918, 0.4154, 35, 21.97
9:36:58 AM, 72.90, 169.7923, 0.4692, 35, 21.97
9:36:59 AM, 73.09, 170.5913, 0.3910, 31, 21.77
9:37:00 AM, 72.90, 170.5913, 0.3861, 31, 21.97
9:37:01 AM, 72.90, 170.5913, 0.3959, 35, 24.11
9:37:02 AM, 73.09, 170.5913, 0.3763, 35, 21.58
9:37:03 AM, 73.29, 170.5913, 0.3861, 35, 21.77
9:37:04 AM, 73.09, 171.1906, 0.3079, 35, 22.36
9:37:05 AM, 72.71, 170.7911, 0.3715, 35, 23.91
9:37:06 AM, 72.90, 170.3915, 0.4106, 31, 21.77
9:37:07 AM, 72.90, 170.5913, 0.3715, 31, 22.16
9:37:08 AM, 73.09, 170.3915, 0.3959, 35, 22.36
9:37:09 AM, 72.90, 170.5913, 0.3959, 35, 21.97
9:37:10 AM, 72.90, 170.3915, 0.3861, 35, 22.16
9:37:11 AM, 73.09, 170.5913, 0.3959, 35, 22.36
9:37:12 AM, 72.90, 170.3915, 0.3715, 31, 22.16
9:37:13 AM, 72.90, 170.3915, 0.3861, 31, 22.55
9:37:14 AM, 72.90, 170.5913, 0.3763, 35, 18.47
9:37:15 AM, 72.90, 170.3915, 0.3910, 31, 21.97
9:37:16 AM, 73.09, 170.5913, 0.3959, 31, 21.97
9:37:17 AM, 73.09, 170.7911, 0.3763, 31, 22.16
9:37:18 AM, 73.29, 170.3915, 0.3763, 31, 21.58
9:37:19 AM, 73.09, 170.9908, 0.3372, 35, 21.97
9:37:20 AM, 73.09, 170.9908, 0.3763, 31, 21.19
9:37:21 AM, 73.09, 169.9920, 0.3617, 35, 22.36
9:37:22 AM, 72.90, 170.7911, 0.3470, 35, 22.36
9:37:23 AM, 72.90, 170.1918, 0.4154, 35, 21.97
9:37:24 AM, 72.90, 170.5913, 0.3910, 35, 20.80
9:37:25 AM, 73.09, 170.5913, 0.4106, 35, 21.58
9:37:26 AM, 72.90, 170.5913, 0.3812, 35, 21.77
9:37:27 AM, 72.71, 170.5913, 0.3861, 35, 21.58
9:37:28 AM, 72.71, 170.1918, 0.4203, 35, 22.16
9:37:29 AM, 72.71, 170.1918, 0.4008, 35, 22.55
9:37:30 AM, 72.71, 169.3928, 0.4301, 35, 22.16
9:37:31 AM, 73.09, 170.1918, 0.3715, 35, 22.36
9:37:32 AM, 72.90, 170.5913, 0.3763, 35, 22.16
9:37:33 AM, 72.71, 170.7911, 0.3910, 35, 22.55
9:37:34 AM, 72.90, 170.1918, 0.4106, 35, 21.58
9:37:35 AM, 72.90, 170.3915, 0.3910, 35, 21.97
9:37:36 AM, 72.90, 170.5913, 0.3861, 35, 24.30
9:37:37 AM, 72.71, 170.3915, 0.3812, 35, 22.55
9:37:38 AM, 72.71, 170.1918, 0.4203, 31, 22.55
9:37:39 AM, 72.71, 170.3915, 0.4106, 35, 21.77
9:37:40 AM, 72.71, 169.7923, 0.3861, 35, 22.16
9:37:41 AM, 72.71, 170.9908, 0.4106, 35, 21.77
9:37:42 AM, 72.90, 170.1918, 0.3861, 31, 21.97
9:37:43 AM, 73.09, 170.3915, 0.3666, 35, 22.55
9:37:44 AM, 72.90, 170.5913, 0.3617, 35, 25.08
9:37:45 AM, 72.71, 170.1918, 0.4106, 35, 22.36
9:37:46 AM, 72.90, 170.1918, 0.4154, 31, 22.16
9:37:47 AM, 72.90, 170.1918, 0.3861, 35, 22.55
9:37:48 AM, 72.90, 170.5913, 0.3959, 35, 22.16
9:37:49 AM, 72.90, 170.3915, 0.3910, 35, 21.97
9:37:50 AM, 73.09, 170.5913, 0.3959, 31, 21.97
9:37:51 AM, 73.09, 170.3915, 0.3763, 35, 21.97
9:37:52 AM, 72.71, 170.5913, 0.4008, 35, 22.16
9:37:53 AM, 72.90, 170.1918, 0.3861, 31, 21.97
9:37:54 AM, 72.90, 170.3915, 0.3861, 35, 22.74
9:37:55 AM, 73.09, 170.5913, 0.3910, 35, 21.58
9:37:56 AM, 72.90, 170.3915, 0.3519, 35, 21.97
9:37:57 AM, 72.90, 170.1918, 0.3959, 35, 22.36
9:37:58 AM, 72.90, 170.5913, 0.3861, 35, 21.58
9:37:59 AM, 73.09, 170.5913, 0.4008, 31, 21.77
9:38:00 AM, 72.71, 170.1918, 0.4154, 35, 21.97
9:38:01 AM, 72.71, 170.3915, 0.4008, 35, 22.16
9:38:02 AM, 72.90, 169.9920, 0.3959, 35, 22.36
9:38:03 AM, 72.90, 170.5913, 0.3763, 35, 22.36
9:38:04 AM, 72.90, 170.9908, 0.3959, 35, 21.58
9:38:05 AM, 72.90, 170.3915, 0.3959, 31, 21.77
9:38:06 AM, 72.90, 170.5913, 0.3959, 35, 22.55
9:38:07 AM, 72.90, 170.7911, 0.3812, 35, 21.97
9:38:08 AM, 72.90, 169.9920, 0.3715, 35, 22.16
9:38:09 AM, 72.90, 170.3915, 0.3910, 35, 22.36
9:38:10 AM, 73.09, 170.5913, 0.3959, 31, 22.55
9:38:11 AM, 72.90, 170.9908, 0.3812, 35, 22.16
9:38:12 AM, 72.90, 170.7911, 0.3715, 35, 22.36
9:38:13 AM, 72.90, 170.5913, 0.3959, 35, 21.77
9:38:14 AM, 72.90, 170.5913, 0.3959, 35, 21.97
9:38:15 AM, 72.90, 170.3915, 0.3715, 35, 22.36
9:38:16 AM, 72.71, 170.7911, 0.3715, 35, 21.97
9:38:17 AM, 72.90, 170.1918, 0.4154, 35, 22.55
9:38:18 AM, 72.90, 170.5913, 0.3959, 35, 21.97
9:38:19 AM, 73.09, 170.3915, 0.3519, 35, 22.16
9:38:20 AM, 72.90, 170.7911, 0.3861, 35, 21.97
9:38:21 AM, 72.90, 170.5913, 0.3959, 35, 22.36
9:38:22 AM, 73.09, 170.5913, 0.3861, 35, 21.97
9:38:23 AM, 72.90, 170.5913, 0.4154, 35, 21.77
9:38:24 AM, 72.90, 170.5913, 0.3861, 35, 22.36
9:38:25 AM, 72.90, 170.5913, 0.3861, 31, 22.16
9:38:26 AM, 72.90, 170.5913, 0.3959, 35, 22.16
9:38:27 AM, 72.90, 170.3915, 0.3959, 35, 21.38
9:38:28 AM, 72.90, 170.5913, 0.3959, 35, 21.58
9:38:29 AM, 72.71, 170.1918, 0.4154, 35, 22.16
9:38:30 AM, 72.90, 170.3915, 0.4106, 35, 22.55
9:38:31 AM, 73.09, 170.5913, 0.3959, 35, 25.27
9:38:32 AM, 72.90, 170.5913, 0.3861, 31, 21.97
9:38:33 AM, 72.90, 170.5913, 0.4008, 35, 22.36
9:38:34 AM, 73.09, 170.3915, 0.4594, 35, 22.55
9:38:35 AM, 73.29, 170.7911, 0.3666, 35, 22.55
9:38:36 AM, 73.09, 170.7911, 0.3519, 35, 22.36
9:38:37 AM, 73.09, 170.9908, 0.3715, 35, 21.58
9:38:38 AM, 73.29, 170.7911, 0.3763, 35, 22.16
9:38:39 AM, 73.09, 171.1906, 0.3568, 35, 22.16
9:38:40 AM, 73.09, 170.5913, 0.3763, 35, 21.38
9:38:41 AM, 73.29, 170.5913, 0.4106, 31, 22.55
9:38:42 AM, 72.90, 170.9908, 0.3617, 35, 22.36
9:38:43 AM, 72.90, 170.1918, 0.4203, 35, 22.36
9:38:44 AM, 72.90, 170.5913, 0.3959, 35, 21.97
9:38:45 AM, 72.90, 170.5913, 0.3959, 31, 22.36
9:38:46 AM, 72.71, 170.5913, 0.3959, 31, 21.97
9:38:47 AM, 72.71, 169.5925, 0.4301, 35, 22.36
9:38:48 AM, 72.51, 170.1918, 0.4154, 35, 22.16
9:38:49 AM, 72.71, 169.9920, 0.4252, 35, 21.97
9:38:50 AM, 72.71, 170.9908, 0.4154, 35, 21.19
9:38:51 AM, 72.51, 170.1918, 0.4203, 31, 22.16
9:38:52 AM, 72.51, 169.9920, 0.4350, 35, 22.74
9:38:53 AM, 72.71, 170.1918, 0.4301, 35, 22.16
9:38:54 AM, 72.90, 169.9920, 0.4154, 31, 22.16
9:38:55 AM, 72.90, 170.7911, 0.3617, 35, 22.16
9:38:56 AM, 72.90, 170.5913, 0.3763, 35, 22.36
9:38:57 AM, 72.90, 170.5913, 0.3959, 35, 21.97
9:38:58 AM, 72.71, 170.1918, 0.4203, 31, 22.16
9:38:59 AM, 72.90, 170.3915, 0.4106, 35, 22.16
9:39:00 AM, 72.90, 170.7911, 0.3861, 35, 22.16
9:39:01 AM, 73.09, 170.5913, 0.3959, 31, 22.16
9:39:02 AM, 72.90, 170.5913, 0.3763, 35, 21.58
9:39:03 AM, 72.90, 169.7923, 0.3959, 35, 22.16
9:39:04 AM, 72.90, 170.5913, 0.3861, 35, 22.16
9:39:05 AM, 73.09, 170.5913, 0.3763, 31, 22.16
9:39:06 AM, 72.90, 170.3915, 0.3861, 35, 21.77
9:39:07 AM, 72.90, 170.5913, 0.3959, 35, 22.16
9:39:08 AM, 72.71, 170.5913, 0.4008, 31, 21.38
9:39:09 AM, 72.90, 170.1918, 0.3861, 35, 22.36
9:39:10 AM, 72.90, 170.5913, 0.3910, 35, 22.16
9:39:11 AM, 73.09, 170.5913, 0.3861, 31, 22.55
9:39:12 AM, 72.90, 170.3915, 0.3763, 35, 21.97
9:39:13 AM, 72.71, 170.5913, 0.3959, 35, 21.97
9:39:14 AM, 72.71, 170.1918, 0.4203, 31, 22.16
9:39:15 AM, 72.90, 170.1918, 0.4057, 31, 21.58
9:39:16 AM, 72.90, 170.5913, 0.3715, 31, 24.49
9:39:17 AM, 72.71, 170.5913, 0.3959, 31, 21.97
9:39:18 AM, 72.90, 170.1918, 0.4252, 35, 22.36
9:39:19 AM, 72.71, 170.9908, 0.3861, 31, 21.97
9:39:20 AM, 72.71, 170.1918, 0.4154, 31, 22.36
9:39:21 AM, 72.71, 170.3915, 0.4203, 35, 21.58
9:39:22 AM, 72.90, 170.1918, 0.4252, 35, 21.97
9:39:23 AM, 72.90, 170.3915, 0.3959, 35, 21.38
9:39:24 AM, 72.90, 170.5913, 0.3959, 31, 25.08
9:39:25 AM, 72.90, 169.7923, 0.3910, 35, 25.47
9:39:26 AM, 73.09, 170.5913, 0.3763, 35, 21.58
9:39:27 AM, 72.90, 170.5913, 0.3959, 35, 22.74
9:39:28 AM, 72.90, 170.3915, 0.3763, 35, 22.36
9:39:29 AM, 72.90, 170.3915, 0.3959, 35, 21.97
9:39:30 AM, 72.90, 170.3915, 0.3959, 31, 21.97
9:39:31 AM, 73.09, 170.5913, 0.3861, 35, 22.55
9:39:32 AM, 73.29, 170.1918, 0.3910, 31, 21.97
9:39:33 AM, 73.09, 171.3903, 0.3079, 35, 21.97
9:39:34 AM, 72.90, 170.5913, 0.3959, 31, 21.77
9:39:35 AM, 72.90, 170.5913, 0.3910, 35, 21.97
9:39:36 AM, 72.90, 170.3915, 0.3812, 35, 21.97
9:39:37 AM, 72.90, 169.9920, 0.3910, 35, 22.36
9:39:38 AM, 72.90, 170.3915, 0.3959, 35, 22.16
9:39:39 AM, 73.09, 170.3915, 0.3763, 35, 21.58
9:39:40 AM, 72.90, 170.3915, 0.3812, 35, 21.77
9:39:41 AM, 72.90, 170.5913, 0.3959, 35, 21.77
9:39:42 AM, 72.90, 170.5913, 0.3763, 35, 22.16
9:39:43 AM, 73.09, 170.3915, 0.3910, 31, 21.77
9:39:44 AM, 72.90, 169.9920, 0.3910, 31, 22.16
9:39:45 AM, 72.90, 170.5913, 0.3910, 35, 22.16
9:39:46 AM, 72.90, 170.3915, 0.3910, 35, 22.55
9:39:47 AM, 73.09, 170.5913, 0.3959, 35, 30.33
9:39:48 AM, 72.90, 170.3915, 0.3910, 35, 22.55
9:39:49 AM, 72.90, 170.1918, 0.3861, 35, 22.55
9:39:50 AM, 72.90, 170.5913, 0.3812, 31, 21.58
9:39:51 AM, 73.09, 170.5913, 0.3861, 35, 21.97
9:39:52 AM, 73.29, 170.5913, 0.3568, 35, 22.36
9:39:53 AM, 73.29, 170.9908, 0.3568, 35, 22.16
9:39:54 AM, 73.29, 171.1906, 0.3568, 35, 22.36
9:39:55 AM, 73.29, 170.9908, 0.3568, 35, 22.16
9:39:56 AM, 73.09, 170.1918, 0.3812, 35, 22.55
9:39:57 AM, 73.09, 170.9908, 0.3519, 35, 22.55
9:39:58 AM, 73.09, 170.7911, 0.3812, 35, 22.55
9:39:59 AM, 72.90, 170.7911, 0.3568, 35, 22.36
9:40:00 AM, 72.71, 170.9908, 0.3715, 31, 21.58
9:40:01 AM, 72.71, 170.5913, 0.4203, 35, 22.36
9:40:02 AM, 72.71, 170.1918, 0.4154, 35, 21.38
9:40:03 AM, 72.90, 170.1918, 0.3861, 31, 21.97
9:40:04 AM, 73.09, 170.5913, 0.3910, 35, 21.77
9:40:05 AM, 73.09, 170.7911, 0.3763, 35, 22.16
9:40:06 AM, 73.29, 170.9908, 0.3763, 35, 21.00
9:40:07 AM, 73.29, 174.5864, 0.3470, 31, 21.58
9:40:08 AM, 73.29, 171.1906, 0.3421, 31, 22.36
9:40:09 AM, 73.29, 171.1906, 0.3568, 35, 19.63
9:40:10 AM, 73.09, 171.1906, 0.3568, 31, 21.38
9:40:11 AM, 73.09, 170.7911, 0.3812, 35, 22.55
9:40:12 AM, 73.09, 170.5913, 0.3861, 35, 22.16
9:40:13 AM, 73.09, 170.9908, 0.3372, 35, 21.58
9:40:14 AM, 73.09, 170.9908, 0.3812, 31, 20.02
9:40:15 AM, 73.09, 170.9908, 0.3519, 35, 22.36
9:40:16 AM, 73.09, 170.9908, 0.3763, 31, 21.97
9:40:17 AM, 73.09, 171.1906, 0.3470, 31, 21.38
9:40:18 AM, 72.90, 170.9908, 0.3715, 35, 22.16
9:40:19 AM, 72.90, 170.5913, 0.3861, 35, 21.19
9:40:20 AM, 72.90, 170.9908, 0.3861, 35, 21.77
9:40:21 AM, 73.09, 170.5913, 0.3959, 35, 22.74
9:40:22 AM, 72.90, 170.9908, 0.3861, 35, 22.16
9:40:23 AM, 72.71, 170.5913, 0.3959, 31, 22.16
9:40:24 AM, 72.71, 170.3915, 0.4301, 35, 22.36
9:40:25 AM, 72.71, 170.1918, 0.4203, 31, 21.77
9:40:26 AM, 72.71, 170.3915, 0.4203, 35, 21.19
9:40:27 AM, 72.71, 170.3915, 0.4203, 35, 22.55
9:40:28 AM, 72.71, 170.3915, 0.4154, 35, 21.77
9:40:29 AM, 72.71, 170.3915, 0.4203, 35, 22.16
9:40:30 AM, 72.90, 172.5889, 0.4252, 31, 22.36
9:40:31 AM, 72.71, 170.7911, 0.3910, 35, 22.16
9:40:32 AM, 72.71, 170.3915, 0.4057, 35, 22.36
9:40:33 AM, 72.71, 170.3915, 0.4252, 31, 22.36
9:40:34 AM, 72.71, 170.3915, 0.4203, 35, 24.11
9:40:35 AM, 72.71, 170.3915, 0.4154, 35, 21.97
9:40:36 AM, 72.71, 170.5913, 0.4154, 35, 22.55
9:40:37 AM, 72.71, 170.1918, 0.4252, 35, 22.36
9:40:38 AM, 72.90, 170.1918, 0.4154, 35, 22.36
9:40:39 AM, 72.71, 170.3915, 0.4154, 35, 22.16
9:40:40 AM, 72.71, 169.5925, 0.4203, 35, 22.16
9:40:41 AM, 72.90, 170.3915, 0.4154, 35, 21.38
9:40:42 AM, 72.90, 170.3915, 0.3959, 35, 22.36
9:40:43 AM, 72.90, 170.7911, 0.3715, 35, 22.16
9:40:44 AM, 72.90, 170.5913, 0.3910, 35, 22.16
9:40:45 AM, 72.90, 170.3915, 0.3861, 35, 21.19
9:40:46 AM, 72.90, 170.3915, 0.3812, 31, 22.16
9:40:47 AM, 72.71, 170.5913, 0.3861, 35, 22.16
9:40:48 AM, 72.71, 170.1918, 0.4203, 35, 25.66
9:40:49 AM, 72.71, 170.5913, 0.4106, 31, 25.27
9:40:50 AM, 72.71, 170.1918, 0.4154, 35, 21.77
9:40:51 AM, 72.71, 170.3915, 0.3910, 35, 22.16
9:40:52 AM, 72.90, 172.9884, 0.4252, 35, 22.16
9:40:53 AM, 72.90, 170.5913, 0.3715, 31, 21.58
9:40:54 AM, 72.71, 170.5913, 0.4008, 31, 22.16
9:40:55 AM, 72.90, 170.1918, 0.4154, 31, 22.16
9:40:56 AM, 72.90, 170.5913, 0.3861, 35, 25.66
9:40:57 AM, 73.09, 170.5913, 0.3763, 31, 22.55
9:40:58 AM, 73.09, 170.5913, 0.3812, 35, 21.97
9:40:59 AM, 73.09, 170.7911, 0.3861, 35, 21.38
9:41:00 AM, 73.29, 170.7911, 0.3519, 35, 21.97
9:41:01 AM, 72.90, 170.9908, 0.3812, 35, 21.19
9:41:02 AM, 72.90, 170.1918, 0.3666, 31, 22.55
9:41:03 AM, 72.90, 170.5913, 0.3861, 35, 21.58
9:41:04 AM, 73.09, 170.9908, 0.3959, 31, 21.38
9:41:05 AM, 72.90, 170.9908, 0.3812, 35, 20.80
9:41:06 AM, 72.71, 170.3915, 0.3959, 35, 21.58
9:41:07 AM, 72.51, 170.3915, 0.4203, 35, 21.00
9:41:08 AM, 72.90, 170.1918, 0.4203, 31, 24.11
9:41:09 AM, 72.90, 170.5913, 0.3763, 31, 21.97
9:41:10 AM, 72.90, 170.7911, 0.3959, 35, 22.36
9:41:11 AM, 72.71, 170.3915, 0.3861, 35, 22.16
9:41:12 AM, 72.90, 170.3915, 0.4106, 35, 21.77
9:41:13 AM, 73.09, 169.9920, 0.3666, 35, 21.97
9:41:14 AM, 72.90, 170.7911, 0.3715, 31, 22.55
9:41:15 AM, 72.71, 169.9920, 0.3861, 35, 21.77
9:41:16 AM, 72.71, 170.9908, 0.3959, 31, 21.97
9:41:17 AM, 72.71, 170.1918, 0.4154, 35, 21.97
9:41:18 AM, 72.90, 170.1918, 0.4154, 35, 21.00
9:41:19 AM, 72.90, 170.3915, 0.3666, 31, 21.97
9:41:20 AM, 73.09, 170.5913, 0.3959, 35, 22.36
9:41:21 AM, 72.90, 170.1918, 0.3910, 35, 22.16
9:41:22 AM, 72.90, 170.5913, 0.4008, 31, 22.55
9:41:23 AM, 72.90, 170.7911, 0.3812, 35, 22.16
9:41:24 AM, 73.09, 170.5913, 0.3959, 31, 21.97
9:41:25 AM, 72.90, 170.9908, 0.3861, 35, 21.77
9:41:26 AM, 72.71, 170.7911, 0.3861, 35, 22.16
9:41:27 AM, 72.71, 170.3915, 0.4106, 35, 21.97
9:41:28 AM, 72.71, 170.3915, 0.4154, 35, 22.16
9:41:29 AM, 72.71, 170.1918, 0.4106, 35, 21.38
9:41:30 AM, 72.71, 170.3915, 0.3861, 31, 22.55
9:41:31 AM, 72.71, 170.1918, 0.4008, 31, 21.97
9:41:32 AM, 72.90, 172.3891, 0.4106, 31, 22.16
9:41:33 AM, 72.90, 169.7923, 0.3910, 35, 21.77
9:41:34 AM, 72.90, 170.7911, 0.3910, 35, 22.55
9:41:35 AM, 72.90, 173.3879, 0.4008, 35, 22.55
9:41:36 AM, 73.09, 170.7911, 0.3812, 31, 21.38
9:41:37 AM, 72.90, 170.7911, 0.3812, 35, 22.16
9:41:38 AM, 72.90, 170.5913, 0.3763, 35, 21.58
9:41:39 AM, 73.09, 172.1893, 0.3910, 35, 22.55
9:41:40 AM, 72.90, 170.9908, 0.3715, 31, 22.74
9:41:41 AM, 72.90, 170.5913, 0.4008, 31, 25.86
9:41:42 AM, 72.90, 170.7911, 0.3617, 31, 21.58
9:41:43 AM, 73.09, 172.5889, 0.3910, 35, 22.16
9:41:44 AM, 72.90, 170.5913, 0.3959, 35, 21.97
9:41:45 AM, 72.90, 170.7911, 0.3959, 35, 22.74
9:41:46 AM, 72.90, 170.7911, 0.3910, 35, 21.97
9:41:47 AM, 73.09, 170.3915, 0.3568, 35, 22.36
9:41:48 AM, 73.29, 170.7911, 0.3861, 35, 22.36
9:41:49 AM, 72.90, 170.7911, 0.3568, 35, 22.74
9:41:50 AM, 72.90, 170.5913, 0.3812, 35, 22.16
9:41:51 AM, 72.90, 170.9908, 0.3861, 35, 22.55
9:41:52 AM, 73.09, 170.7911, 0.3861, 35, 22.55
9:41:53 AM, 72.90, 171.3903, 0.3519, 35, 24.88
9:41:54 AM, 72.90, 170.5913, 0.3763, 31, 22.36
9:41:55 AM, 72.90, 170.7911, 0.3666, 35, 22.36
9:41:56 AM, 72.90, 170.5913, 0.4008, 35, 22.55
9:41:57 AM, 72.90, 170.5913, 0.3617, 35, 22.94
9:41:58 AM, 73.09, 170.5913, 0.3959, 35, 21.97
9:41:59 AM, 72.71, 170.3915, 0.3715, 35, 22.55
9:42:00 AM, 72.90, 170.3915, 0.4154, 35, 22.94
9:42:01 AM, 72.90, 170.5913, 0.3812, 35, 21.97
9:42:02 AM, 73.09, 170.5913, 0.3861, 35, 21.97
9:42:03 AM, 72.90, 170.1918, 0.3763, 35, 22.55
9:42:04 AM, 72.90, 170.7911, 0.3861, 35, 22.55
9:42:05 AM, 72.90, 170.5913, 0.3861, 31, 21.77
9:42:06 AM, 72.90, 170.7911, 0.3666, 31, 22.16
9:42:07 AM, 72.90, 170.5913, 0.3861, 31, 21.97
9:42:08 AM, 73.09, 170.3915, 0.3617, 31, 22.16
9:42:09 AM, 73.29, 170.7911, 0.3715, 35, 22.16
9:42:10 AM, 73.29, 171.1906, 0.3568, 35, 21.97
9:42:11 AM, 73.29, 171.1906, 0.3568, 35, 22.36
9:42:12 AM, 73.09, 171.1906, 0.3568, 35, 22.36
9:42:13 AM, 73.29, 170.9908, 0.3763, 35, 21.77
9:42:14 AM, 73.09, 172.5889, 0.3519, 35, 21.77
9:42:15 AM, 73.09, 170.3915, 0.3812, 35, 22.55
9:42:16 AM, 73.09, 170.7911, 0.3763, 35, 22.16
9:42:17 AM, 73.29, 170.9908, 0.3812, 35, 21.19
9:42:18 AM, 73.29, 171.1906, 0.3568, 35, 22.16
9:42:19 AM, 73.29, 170.9908, 0.3568, 31, 21.58
9:42:20 AM, 73.48, 171.1906, 0.3617, 35, 21.97
9:42:21 AM, 73.29, 171.5901, 0.3421, 35, 21.77
9:42:22 AM, 73.09, 171.1906, 0.3666, 35, 21.77
9:42:23 AM, 72.90, 170.5913, 0.3910, 35, 21.97
9:42:24 AM, 72.90, 170.5913, 0.3861, 35, 21.97
9:42:25 AM, 73.09, 170.5913, 0.3959, 31, 22.36
9:42:26 AM, 73.29, 173.1881, 0.3470, 35, 22.36
9:42:27 AM, 73.09, 171.1906, 0.3226, 35, 21.58
9:42:28 AM, 73.09, 170.7911, 0.3861, 35, 22.36
9:42:29 AM, 73.29, 170.9908, 0.3910, 35, 22.36
9:42:30 AM, 73.09, 171.1906, 0.3715, 31, 21.77
9:42:31 AM, 72.90, 170.7911, 0.3812, 35, 22.36
9:42:32 AM, 72.90, 170.9908, 0.3910, 35, 22.36
9:42:33 AM, 73.09, 170.5913, 0.3959, 31, 22.55
9:42:34 AM, 72.90, 170.7911, 0.3812, 35, 22.74
9:42:35 AM, 72.90, 170.3915, 0.3910, 35, 22.55
9:42:36 AM, 73.09, 170.7911, 0.3910, 35, 22.36
9:42:37 AM, 72.90, 170.1918, 0.3666, 31, 22.36
9:42:38 AM, 72.71, 170.5913, 0.3959, 31, 22.16
9:42:39 AM, 72.71, 170.3915, 0.4057, 35, 22.55
9:42:40 AM, 72.71, 170.5913, 0.3861, 35, 24.30
9:42:41 AM, 72.71, 170.3915, 0.4106, 31, 22.55
9:42:42 AM, 72.71, 170.1918, 0.3959, 31, 22.55
9:42:43 AM, 72.71, 170.1918, 0.4154, 31, 21.77
9:42:44 AM, 72.71, 170.1918, 0.4154, 35, 22.16
9:42:45 AM, 72.71, 170.3915, 0.4203, 35, 21.77
9:42:46 AM, 72.51, 170.1918, 0.3959, 31, 22.16
9:42:47 AM, 72.71, 169.7923, 0.4301, 35, 21.97
9:42:48 AM, 72.71, 170.3915, 0.3959, 31, 21.00
9:42:49 AM, 72.71, 170.1918, 0.3959, 35, 21.77
9:42:50 AM, 72.71, 169.9920, 0.4154, 31, 22.36
9:42:51 AM, 72.90, 170.3915, 0.4106, 35, 22.16
9:42:52 AM, 72.71, 170.1918, 0.3910, 31, 22.36
9:42:53 AM, 72.71, 169.9920, 0.3959, 35, 22.36
9:42:54 AM, 72.71, 170.1918, 0.4154, 35, 21.97
9:42:55 AM, 72.71, 169.9920, 0.3959, 31, 22.36
9:42:56 AM, 72.71, 170.3915, 0.3861, 35, 20.41
9:42:57 AM, 72.51, 169.9920, 0.4252, 31, 21.77
9:42:58 AM, 72.71, 170.3915, 0.4350, 35, 22.36
9:42:59 AM, 72.90, 170.5913, 0.4154, 31, 21.97
9:43:00 AM, 72.71, 170.5913, 0.3959, 31, 22.36
9:43:01 AM, 72.71, 170.1918, 0.4106, 31, 21.58
9:43:02 AM, 72.71, 170.3915, 0.4057, 35, 22.16
9:43:03 AM, 72.71, 170.1918, 0.4106, 35, 21.97
9:43:04 AM, 72.71, 170.3915, 0.4057, 31, 21.38
9:43:05 AM, 72.71, 170.3915, 0.4154, 35, 21.77
9:43:06 AM, 72.71, 170.3915, 0.4057, 35, 21.97
9:43:07 AM, 72.90, 170.3915, 0.4154, 35, 22.55
9:43:08 AM, 73.09, 170.5913, 0.3910, 35, 21.58
9:43:09 AM, 72.90, 171.7898, 0.3519, 35, 21.97
9:43:10 AM, 72.90, 170.7911, 0.3763, 35, 22.36
9:43:11 AM, 73.29, 170.7911, 0.3715, 31, 29.74
9:43:12 AM, 73.29, 171.1906, 0.3372, 31, 22.36
9:43:13 AM, 72.90, 171.1906, 0.3470, 35, 22.16
9:43:14 AM, 72.90, 170.5913, 0.3959, 35, 22.16
9:43:15 AM, 72.90, 170.3915, 0.3715, 35, 22.36
9:43:16 AM, 73.09, 170.1918, 0.3910, 35, 29.55
9:43:17 AM, 72.71, 170.7911, 0.3763, 35, 21.77
9:43:18 AM, 72.71, 170.9908, 0.4154, 35, 21.00
9:43:19 AM, 72.90, 170.5913, 0.3763, 35, 22.36
9:43:20 AM, 73.09, 170.9908, 0.3079, 35, 22.16
9:43:21 AM, 72.90, 170.7911, 0.3812, 31, 22.55
9:43:22 AM, 72.90, 170.5913, 0.3715, 35, 21.97
9:43:23 AM, 72.90, 170.7911, 0.3910, 35, 21.97
9:43:24 AM, 73.09, 170.9908, 0.3470, 35, 21.97
9:43:25 AM, 72.90, 170.9908, 0.3812, 35, 21.58
9:43:26 AM, 72.90, 170.3915, 0.3959, 35, 22.36
9:43:27 AM, 72.90, 170.7911, 0.3666, 35, 22.36
9:43:28 AM, 72.90, 170.5913, 0.3959, 31, 22.16
9:43:29 AM, 72.90, 170.5913, 0.4350, 31, 22.55
9:43:30 AM, 72.90, 169.9920, 0.3861, 35, 22.36
9:43:31 AM, 73.09, 170.7911, 0.3861, 35, 21.97
9:43:32 AM, 72.90, 172.5889, 0.3519, 31, 21.97
9:43:33 AM, 72.90, 170.7911, 0.3861, 31, 22.36
9:43:34 AM, 73.09, 170.5913, 0.3666, 35, 22.16
9:43:35 AM, 72.90, 170.9908, 0.3910, 35, 21.97
9:43:36 AM, 72.71, 170.5913, 0.3861, 35, 22.55
9:43:37 AM, 72.71, 170.1918, 0.3861, 35, 21.97
9:43:38 AM, 72.90, 170.1918, 0.4154, 31, 22.16
9:43:39 AM, 72.90, 170.7911, 0.3568, 35, 21.97
9:43:40 AM, 72.90, 170.7911, 0.3861, 35, 22.55
9:43:41 AM, 72.90, 170.5913, 0.3959, 35, 22.55
9:43:42 AM, 72.90, 170.7911, 0.3617, 31, 22.36
9:43:43 AM, 72.90, 170.5913, 0.3910, 35, 22.16
9:43:44 AM, 73.09, 170.5913, 0.3763, 35, 21.97
9:43:45 AM, 72.90, 170.7911, 0.3763, 35, 22.36
9:43:46 AM, 72.90, 170.5913, 0.3959, 35, 22.16
9:43:47 AM, 72.90, 170.5913, 0.3861, 35, 21.97
9:43:48 AM, 72.90, 170.9908, 0.3372, 35, 22.36
9:43:49 AM, 72.71, 170.5913, 0.3715, 31, 21.58
9:43:50 AM, 72.71, 170.3915, 0.3959, 35, 22.36
9:43:51 AM, 72.71, 170.3915, 0.4154, 31, 23.33
9:43:52 AM, 72.90, 173.5876, 0.4203, 35, 22.36
9:43:53 AM, 72.90, 170.5913, 0.3959, 35, 22.36
9:43:54 AM, 72.71, 170.5913, 0.3812, 35, 22.36
9:43:55 AM, 72.71, 170.1918, 0.4057, 35, 21.97
9:43:56 AM, 72.90, 170.9908, 0.4154, 35, 21.19
9:43:57 AM, 72.90, 170.7911, 0.3568, 35, 21.97
9:43:58 AM, 72.90, 170.5913, 0.3959, 35, 21.97
9:43:59 AM, 72.90, 170.7911, 0.3617, 35, 22.55
9:44:00 AM, 72.90, 170.7911, 0.3617, 35, 21.97
9:44:01 AM, 72.90, 170.5913, 0.3910, 35, 21.58
9:44:02 AM, 72.90, 170.3915, 0.3910, 35, 21.58
9:44:03 AM, 72.90, 170.3915, 0.3861, 35, 21.38
9:44:04 AM, 73.09, 170.5913, 0.4008, 35, 22.36
9:44:05 AM, 72.90, 170.7911, 0.3568, 35, 22.55
9:44:06 AM, 72.90, 170.7911, 0.3861, 35, 22.55
9:44:07 AM, 72.90, 170.5913, 0.3910, 35, 22.36
9:44:08 AM, 72.90, 170.5913, 0.3861, 35, 21.97
9:44:09 AM, 72.71, 170.5913, 0.4008, 35, 21.77
9:44:10 AM, 72.90, 170.1918, 0.4057, 35, 22.36
9:44:11 AM, 73.09, 170.5913, 0.4497, 31, 22.55
9:44:12 AM, 73.29, 170.9908, 0.3812, 35, 21.00
9:44:13 AM, 72.90, 171.1906, 0.3568, 35, 21.58
9:44:14 AM, 72.90, 170.5913, 0.3910, 35, 21.97
9:44:15 AM, 72.90, 170.3915, 0.3959, 35, 24.11
9:44:16 AM, 73.09, 170.7911, 0.3763, 35, 22.36
9:44:17 AM, 72.90, 173.7874, 0.3812, 35, 21.38
9:44:18 AM, 72.90, 170.7911, 0.3959, 31, 22.36
9:44:19 AM, 72.90, 170.3915, 0.3617, 35, 21.19
9:44:20 AM, 73.09, 170.5913, 0.3861, 35, 21.97
9:44:21 AM, 72.90, 170.9908, 0.3812, 35, 22.55
9:44:22 AM, 72.90, 172.5889, 0.3617, 35, 21.58
9:44:23 AM, 72.71, 170.5913, 0.3959, 31, 21.77
9:44:24 AM, 72.90, 169.9920, 0.4106, 35, 21.77
9:44:25 AM, 72.90, 170.5913, 0.3861, 35, 22.16
9:44:26 AM, 72.90, 170.5913, 0.3812, 35, 21.77
9:44:27 AM, 72.90, 170.5913, 0.3959, 31, 21.97
9:44:28 AM, 72.90, 170.5913, 0.3666, 35, 22.55
9:44:29 AM, 73.09, 170.5913, 0.3959, 35, 22.36
9:44:30 AM, 72.90, 170.7911, 0.3763, 31, 22.16
9:44:31 AM, 72.90, 170.5913, 0.3959, 35, 22.16
9:44:32 AM, 72.90, 170.9908, 0.3959, 31, 22.16
9:44:33 AM, 73.09, 170.5913, 0.3861, 35, 22.16
9:44:34 AM, 72.90, 170.7911, 0.3617, 31, 22.36
9:44:35 AM, 72.90, 170.5913, 0.3959, 35, 22.74
9:44:36 AM, 72.71, 172.5889, 0.3959, 35, 22.36
9:44:37 AM, 72.90, 169.5925, 0.4301, 35, 22.74
9:44:38 AM, 72.90, 170.7911, 0.3763, 35, 21.97
9:44:39 AM, 72.71, 170.7911, 0.3715, 31, 21.97
9:44:40 AM, 72.71, 169.9920, 0.3959, 35, 22.36
9:44:41 AM, 72.90, 170.1918, 0.4203, 35, 21.58
9:44:42 AM, 72.90, 170.3915, 0.3763, 35, 22.36
9:44:43 AM, 72.90, 170.5913, 0.3959, 35, 22.36
9:44:44 AM, 73.09, 170.5913, 0.3959, 35, 22.36
9:44:45 AM, 73.29, 170.5913, 0.3763, 31, 21.97
9:44:46 AM, 73.09, 172.5889, 0.3861, 35, 22.16
9:44:47 AM, 73.09, 170.5913, 0.3861, 31, 22.16
9:44:48 AM, 72.90, 178.9810, 0.3812, 35, 22.36
9:44:49 AM, 72.90, 170.3915, 0.3763, 35, 21.97
9:44:50 AM, 72.90, 169.9920, 0.4008, 31, 22.36
9:44:51 AM, 72.90, 170.1918, 0.3959, 35, 21.97
9:44:52 AM, 73.09, 170.7911, 0.3715, 35, 21.97
9:44:53 AM, 72.90, 170.5913, 0.3959, 35, 22.16
9:44:54 AM, 72.90, 170.7911, 0.3861, 31, 22.36
9:44:55 AM, 73.09, 170.5913, 0.3861, 35, 21.97
9:44:56 AM, 73.09, 170.5913, 0.3666, 31, 22.36
9:44:57 AM, 72.90, 170.5913, 0.3812, 31, 22.16
9:44:58 AM, 72.90, 170.7911, 0.3812, 35, 22.94
9:44:59 AM, 72.90, 170.5913, 0.4008, 35, 22.36
9:45:00 AM, 72.90, 170.7911, 0.3959, 31, 21.58
9:45:01 AM, 72.90, 170.1918, 0.3861, 31, 21.97
9:45:02 AM, 72.71, 170.3915, 0.3715, 35, 21.97
9:45:03 AM, 72.90, 170.1918, 0.4252, 35, 22.74
9:45:04 AM, 73.09, 170.3915, 0.3079, 35, 22.16
9:45:05 AM, 72.71, 170.5913, 0.3861, 31, 21.97
9:45:06 AM, 72.90, 170.1918, 0.4252, 31, 21.97
9:45:07 AM, 72.90, 170.7911, 0.3861, 35, 22.94
9:45:08 AM, 72.90, 170.5913, 0.3959, 35, 22.16
9:45:09 AM, 72.90, 170.7911, 0.3959, 35, 22.16
9:45:10 AM, 72.90, 170.5913, 0.3568, 35, 22.36
9:45:11 AM, 72.90, 170.7911, 0.3910, 31, 21.97
