Time, Heater Temp[C], Heater Voltage[V], Sense Voltage[V], Fan Speed[%], Ambient Temp[C]
9:48:51 AM, 97.39, 164.3989, 0.6696, 55, 21.38
9:48:52 AM, 97.39, 164.5986, 0.6745, 55, 22.16
9:48:53 AM, 97.39, 164.3989, 0.6794, 51, 21.38
9:48:54 AM, 97.39, 164.7984, 0.6452, 55, 22.16
9:48:55 AM, 97.01, 164.7984, 0.6745, 51, 22.55
9:48:56 AM, 97.20, 163.9994, 0.6891, 51, 22.55
9:48:57 AM, 97.39, 164.3989, 0.6989, 55, 21.97
9:48:58 AM, 97.39, 164.5986, 0.6794, 55, 22.36
9:48:59 AM, 97.20, 164.5986, 0.6696, 55, 21.58
9:49:00 AM, 96.81, 164.3989, 0.6647, 55, 22.16
9:49:01 AM, 96.81, 163.7996, 0.7283, 55, 22.16
9:49:02 AM, 96.81, 163.7996, 0.7087, 55, 21.77
9:49:03 AM, 96.81, 164.1991, 0.7136, 55, 25.47
9:49:04 AM, 96.81, 163.7996, 0.7234, 55, 22.74
9:49:05 AM, 96.81, 163.9994, 0.6940, 55, 22.16
9:49:06 AM, 96.62, 163.4001, 0.7478, 51, 21.97
9:49:07 AM, 96.81, 163.4001, 0.7380, 55, 22.55
9:49:08 AM, 96.81, 163.5999, 0.7087, 55, 22.16
9:49:09 AM, 96.81, 163.9994, 0.7185, 55, 22.36
9:49:10 AM, 96.62, 163.7996, 0.7038, 55, 22.55
9:49:11 AM, 96.42, 163.4001, 0.7478, 51, 22.55
9:49:12 AM, 96.42, 163.2003, 0.7478, 55, 22.36
9:49:13 AM, 96.42, 163.2003, 0.7478, 55, 22.74
9:49:14 AM, 96.81, 163.4001, 0.7380, 55, 21.58
9:49:15 AM, 96.81, 163.9994, 0.7185, 51, 21.97
9:49:16 AM, 96.81, 163.9994, 0.6940, 51, 22.36
9:49:17 AM, 96.81, 163.7996, 0.7185, 55, 21.97
9:49:18 AM, 96.62, 163.9994, 0.7136, 55, 22.74
9:49:19 AM, 96.42, 163.5999, 0.7429, 55, 22.36
9:49:20 AM, 96.42, 163.4001, 0.7331, 55, 22.55
9:49:21 AM, 96.81, 163.2003, 0.7283, 55, 21.97
9:49:22 AM, 96.81, 163.9994, 0.7283, 55, 21.77
9:49:23 AM, 97.01, 163.7996, 0.7283, 51, 22.16
9:49:24 AM, 97.01, 164.1991, 0.7087, 51, 21.77
9:49:25 AM, 96.81, 163.5999, 0.6794, 55, 21.97
9:49:26 AM, 96.81, 163.9994, 0.6794, 51, 22.36
9:49:27 AM, 96.81, 163.7996, 0.7234, 55, 21.77
9:49:28 AM, 96.81, 163.5999, 0.7038, 55, 22.36
9:49:29 AM, 96.81, 163.2003, 0.7185, 51, 22.55
9:49:30 AM, 96.81, 163.7996, 0.7136, 51, 21.97
9:49:31 AM, 96.81, 163.7996, 0.6940, 51, 22.36
9:49:32 AM, 96.81, 163.4001, 0.6989, 55, 22.55
9:49:33 AM, 96.62, 163.5999, 0.7234, 51, 22.36
9:49:34 AM, 96.42, 163.0006, 0.7478, 55, 22.16
9:49:35 AM, 96.42, 162.6011, 0.7527, 55, 22.36
9:49:36 AM, 96.81, 163.4001, 0.7478, 55, 21.97
9:49:37 AM, 96.81, 163.7996, 0.7038, 55, 18.47
9:49:38 AM, 96.81, 163.7996, 0.7185, 55, 21.58
9:49:39 AM, 96.81, 163.9994, 0.6794, 55, 21.97
9:49:40 AM, 97.01, 164.5986, 0.6940, 51, 21.58
9:49:41 AM, 97.01, 163.7996, 0.6940, 51, 22.16
9:49:42 AM, 97.01, 163.7996, 0.6891, 51, 21.77
9:49:43 AM, 96.81, 163.7996, 0.7234, 51, 22.16
9:49:44 AM, 97.01, 163.7996, 0.7283, 51, 22.36
9:49:45 AM, 97.20, 163.9994, 0.7185, 55, 22.16
9:49:46 AM, 97.39, 164.5986, 0.6891, 55, 22.16
9:49:47 AM, 97.39, 164.5986, 0.6647, 55, 21.97
9:49:48 AM, 97.39, 164.3989, 0.6598, 55, 21.19
9:49:49 AM, 97.20, 164.5986, 0.6647, 55, 21.97
9:49:50 AM, 97.20, 164.1991, 0.6843, 51, 21.97
9:49:51 AM, 97.39, 164.3989, 0.6598, 51, 22.55
9:49:52 AM, 97.59, 163.7996, 0.6794, 55, 22.36
9:49:53 AM, 97.59, 164.7984, 0.6549, 51, 21.58
9:49:54 AM, 97.59, 164.5986, 0.6647, 55, 22.16
9:49:55 AM, 97.39, 164.7984, 0.6598, 55, 21.19
9:49:56 AM, 97.20, 164.5986, 0.6452, 55, 22.36
9:49:57 AM, 97.20, 164.3989, 0.6696, 51, 21.97
9:49:58 AM, 97.20, 164.3989, 0.6843, 51, 22.36
9:49:59 AM, 97.01, 164.3989, 0.6745, 55, 22.55
9:50:00 AM, 97.01, 164.1991, 0.7087, 51, 22.94
9:50:01 AM, 97.20, 163.9994, 0.7087, 55, 22.74
9:50:02 AM, 97.39, 164.3989, 0.6647, 55, 22.74
9:50:03 AM, 97.39, 163.9994, 0.6843, 55, 22.16
9:50:04 AM, 97.20, 164.3989, 0.6794, 55, 22.16
9:50:05 AM, 96.81, 164.5986, 0.6696, 55, 22.36
9:50:06 AM, 96.81, 163.7996, 0.7185, 51, 21.97
9:50:07 AM, 97.01, 163.9994, 0.7283, 55, 21.97
9:50:08 AM, 97.20, 164.3989, 0.6843, 55, 21.97
9:50:09 AM, 97.39, 164.3989, 0.6647, 55, 22.55
9:50:10 AM, 97.39, 164.5986, 0.6745, 55, 21.97
9:50:11 AM, 97.01, 164.5986, 0.6745, 55, 21.19
9:50:12 AM, 96.81, 163.9994, 0.6891, 55, 22.55
9:50:13 AM, 97.01, 163.7996, 0.7185, 51, 22.55
9:50:14 AM, 97.01, 163.9994, 0.7087, 55, 21.38
9:50:15 AM, 97.01, 163.9994, 0.7087, 55, 22.55
9:50:16 AM, 97.01, 163.9994, 0.7185, 55, 22.16
9:50:17 AM, 97.01, 163.9994, 0.6989, 55, 22.36
9:50:18 AM, 97.01, 163.9994, 0.7136, 55, 22.55
9:50:19 AM, 97.01, 164.1991, 0.7185, 55, 22.74
9:50:20 AM, 96.81, 163.9994, 0.6989, 55, 21.97
9:50:21 AM, 96.62, 163.9994, 0.7185, 55, 21.77
9:50:22 AM, 96.81, 163.5999, 0.7429, 55, 21.97
9:50:23 AM, 97.01, 163.9994, 0.7136, 55, 21.19
9:50:24 AM, 97.20, 163.9994, 0.6745, 55, 21.58
9:50:25 AM, 97.20, 163.7996, 0.6940, 55, 22.16
9:50:26 AM, 97.20, 164.3989, 0.6891, 55, 21.97
9:50:27 AM, 96.81, 163.9994, 0.7185, 55, 22.16
9:50:28 AM, 97.01, 163.9994, 0.7136, 51, 22.16
9:50:29 AM, 97.01, 163.7996, 0.7136, 55, 21.97
9:50:30 AM, 97.01, 163.9994, 0.6891, 55, 22.74
9:50:31 AM, 97.01, 163.9994, 0.6989, 55, 22.36
9:50:32 AM, 96.81, 164.1991, 0.7087, 55, 21.58
9:50:33 AM, 96.81, 163.9994, 0.7087, 55, 22.16
9:50:34 AM, 96.81, 163.9994, 0.7185, 55, 22.55
9:50:35 AM, 96.81, 163.7996, 0.7185, 55, 22.16
9:50:36 AM, 96.62, 163.9994, 0.7185, 55, 22.16
9:50:37 AM, 96.42, 163.4001, 0.7380, 55, 21.77
9:50:38 AM, 96.62, 163.2003, 0.7380, 55, 22.55
9:50:39 AM, 96.81, 163.5999, 0.7478, 55, 21.77
9:50:40 AM, 96.81, 163.7996, 0.7234, 51, 21.97
9:50:41 AM, 97.01, 163.9994, 0.6940, 55, 22.16
9:50:42 AM, 97.01, 163.9994, 0.6891, 55, 22.16
9:50:43 AM, 96.81, 163.9994, 0.6843, 51, 21.97
9:50:44 AM, 96.81, 163.7996, 0.7234, 51, 22.55
9:50:45 AM, 96.81, 163.9994, 0.7234, 55, 22.74
9:50:46 AM, 97.01, 163.7996, 0.7185, 51, 22.16
9:50:47 AM, 97.01, 163.9994, 0.6891, 55, 21.58
9:50:48 AM, 97.01, 163.9994, 0.7625, 55, 21.58
9:50:49 AM, 96.81, 164.3989, 0.6745, 55, 21.97
9:50:50 AM, 96.81, 163.7996, 0.7576, 55, 21.77
9:50:51 AM, 96.81, 163.9994, 0.7185, 55, 32.27
9:50:52 AM, 97.01, 163.4001, 0.7234, 51, 21.97
9:50:53 AM, 97.01, 163.9994, 0.6891, 51, 22.36
9:50:54 AM, 97.01, 164.1991, 0.7185, 55, 22.36
9:50:55 AM, 96.81, 163.9994, 0.6989, 55, 22.74
9:50:56 AM, 96.81, 163.9994, 0.6989, 51, 22.55
9:50:57 AM, 96.81, 163.2003, 0.7478, 55, 22.36
9:50:58 AM, 97.01, 163.7996, 0.7234, 55, 22.36
9:50:59 AM, 97.01, 163.9994, 0.7087, 51, 22.16
9:51:00 AM, 97.01, 163.9994, 0.7087, 55, 22.16
9:51:01 AM, 97.01, 163.9994, 0.7136, 55, 21.58
9:51:02 AM, 96.81, 163.7996, 0.6891, 55, 24.30
9:51:03 AM, 96.81, 163.7996, 0.7185, 55, 21.97
9:51:04 AM, 96.81, 163.9994, 0.6891, 51, 22.36
9:51:05 AM, 96.81, 163.7996, 0.7185, 55, 21.77
9:51:06 AM, 97.01, 163.7996, 0.7283, 55, 22.55
9:51:07 AM, 97.01, 163.9994, 0.7185, 55, 22.36
9:51:08 AM, 97.01, 163.7996, 0.7038, 55, 21.97
9:51:09 AM, 96.81, 163.9994, 0.7087, 55, 22.16
9:51:10 AM, 97.01, 163.7996, 0.7283, 51, 22.36
9:51:11 AM, 97.20, 163.7996, 0.7087, 55, 22.16
9:51:12 AM, 97.01, 163.9994, 0.7038, 55, 22.36
9:51:13 AM, 97.01, 163.9994, 0.6843, 55, 21.97
9:51:14 AM, 97.01, 163.9994, 0.6891, 55, 21.58
9:51:15 AM, 96.81, 163.9994, 0.6891, 55, 21.97
9:51:16 AM, 97.01, 164.5986, 0.7038, 55, 21.77
9:51:17 AM, 97.01, 164.1991, 0.7136, 55, 21.97
9:51:18 AM, 97.01, 164.1991, 0.6891, 55, 22.36
9:51:19 AM, 97.01, 163.7996, 0.7185, 55, 22.36
9:51:20 AM, 97.01, 163.9994, 0.7185, 55, 21.97
9:51:21 AM, 97.01, 163.9994, 0.7185, 51, 21.97
9:51:22 AM, 97.01, 164.1991, 0.7185, 55, 22.16
9:51:23 AM, 96.81, 163.7996, 0.7087, 55, 22.16
9:51:24 AM, 96.81, 163.9994, 0.7234, 55, 21.97
9:51:25 AM, 97.01, 163.7996, 0.7283, 55, 22.16
9:51:26 AM, 97.20, 163.9994, 0.7380, 51, 21.97
9:51:27 AM, 97.20, 164.1991, 0.6891, 55, 22.16
9:51:28 AM, 97.01, 164.1991, 0.7038, 51, 22.16
9:51:29 AM, 96.81, 163.9994, 0.7136, 51, 20.80
9:51:30 AM, 96.81, 163.7996, 0.7283, 55, 21.97
9:51:31 AM, 97.01, 163.7996, 0.7331, 51, 22.16
9:51:32 AM, 97.01, 163.9994, 0.6843, 55, 21.58
9:51:33 AM, 97.20, 163.7996, 0.7087, 51, 22.16
9:51:34 AM, 97.01, 163.7996, 0.7429, 51, 22.55
9:51:35 AM, 97.01, 163.9994, 0.6843, 55, 21.97
9:51:36 AM, 97.20, 163.9994, 0.7038, 55, 22.36
9:51:37 AM, 97.01, 164.1991, 0.6891, 55, 22.16
9:51:38 AM, 97.01, 163.7996, 0.7087, 55, 21.97
9:51:39 AM, 97.01, 163.9994, 0.7136, 55, 21.97
9:51:40 AM, 97.01, 163.5999, 0.7087, 55, 21.58
9:51:41 AM, 97.01, 164.1991, 0.6891, 55, 22.16
9:51:42 AM, 97.20, 163.9994, 0.7038, 55, 22.36
9:51:43 AM, 97.01, 164.3989, 0.6696, 55, 22.36
9:51:44 AM, 97.01, 163.9994, 0.6843, 51, 22.36
9:51:45 AM, 97.01, 164.1991, 0.6891, 51, 21.97
9:51:46 AM, 97.01, 163.9994, 0.7136, 55, 21.97
9:51:47 AM, 97.01, 163.4001, 0.7136, 55, 22.16
9:51:48 AM, 97.01, 163.5999, 0.7087, 55, 22.36
9:51:49 AM, 97.20, 163.7996, 0.6989, 55, 22.55
9:51:50 AM, 97.39, 164.3989, 0.6794, 55, 21.77
9:51:51 AM, 97.59, 165.3977, 0.6549, 55, 21.97
9:51:52 AM, 97.59, 164.7984, 0.6598, 51, 22.74
9:51:53 AM, 97.59, 164.5986, 0.6500, 55, 21.97
9:51:54 AM, 97.20, 164.5986, 0.6207, 55, 22.55
9:51:55 AM, 97.01, 164.3989, 0.6891, 55, 22.74
9:51:56 AM, 97.39, 164.1991, 0.6843, 51, 22.16
9:51:57 AM, 97.39, 164.5986, 0.6745, 55, 21.77
9:51:58 AM, 97.20, 164.3989, 0.6745, 55, 27.02
9:51:59 AM, 97.01, 164.3989, 0.6843, 55, 22.36
9:52:00 AM, 97.20, 163.5999, 0.6989, 55, 22.36
9:52:01 AM, 97.01, 164.7984, 0.6647, 51, 21.97
9:52:02 AM, 97.20, 164.1991, 0.7185, 55, 21.97
9:52:03 AM, 97.20, 164.3989, 0.6891, 55, 21.77
9:52:04 AM, 97.01, 164.1991, 0.7087, 55, 21.97
9:52:05 AM, 97.01, 164.1991, 0.7136, 55, 21.58
9:52:06 AM, 97.20, 163.4001, 0.7087, 51, 21.97
9:52:07 AM, 97.39, 166.1967, 0.6549, 55, 22.36
9:52:08 AM, 97.39, 164.7984, 0.6500, 55, 21.77
9:52:09 AM, 97.20, 163.9994, 0.6647, 55, 21.38
9:52:10 AM, 96.81, 164.5986, 0.6598, 55, 21.58
9:52:11 AM, 97.01, 163.9994, 0.6891, 55, 22.36
9:52:12 AM, 97.20, 163.9994, 0.7185, 51, 22.16
9:52:13 AM, 97.20, 166.1967, 0.6891, 51, 22.74
9:52:14 AM, 97.20, 164.5986, 0.6794, 55, 22.36
9:52:15 AM, 97.20, 164.5986, 0.6891, 51, 22.36
9:52:16 AM, 97.01, 164.3989, 0.6794, 51, 21.77
9:52:17 AM, 96.81, 164.1991, 0.6891, 55, 22.36
9:52:18 AM, 97.20, 164.1991, 0.7038, 55, 22.55
9:52:19 AM, 97.20, 164.5986, 0.6647, 55, 22.74
9:52:20 AM, 97.39, 164.7984, 0.6891, 55, 22.36
9:52:21 AM, 97.20, 164.7984, 0.6549, 55, 22.55
9:52:22 AM, 96.81, 164.7984, 0.6598, 55, 22.55
9:52:23 AM, 96.81, 164.1991, 0.7283, 55, 22.16
9:52:24 AM, 96.81, 163.9994, 0.7038, 55, 22.36
9:52:25 AM, 97.01, 163.9994, 0.7234, 55, 21.97
9:52:26 AM, 97.01, 163.9994, 0.6989, 55, 22.55
9:52:27 AM, 97.01, 164.1991, 0.7087, 55, 22.16
9:52:28 AM, 97.01, 164.1991, 0.7869, 55, 21.58
9:52:29 AM, 97.01, 164.3989, 0.6647, 55, 22.16
9:52:30 AM, 96.81, 164.1991, 0.7087, 55, 22.16
9:52:31 AM, 97.01, 163.9994, 0.7038, 55, 22.16
9:52:32 AM, 96.81, 164.5986, 0.6989, 51, 24.11
9:52:33 AM, 97.20, 163.7996, 0.7234, 55, 21.58
9:52:34 AM, 97.39, 164.9981, 0.6598, 55, 24.88
9:52:35 AM, 97.59, 164.7984, 0.6598, 55, 22.16
9:52:36 AM, 97.59, 164.7984, 0.6598, 51, 22.55
9:52:37 AM, 97.59, 164.7984, 0.6500, 51, 21.97
9:52:38 AM, 97.59, 164.1991, 0.6647, 51, 22.36
9:52:39 AM, 97.59, 164.7984, 0.7478, 51, 22.55
9:52:40 AM, 97.59, 164.9981, 0.6598, 55, 22.74
9:52:41 AM, 97.59, 164.9981, 0.6207, 55, 21.77
9:52:42 AM, 97.59, 164.7984, 0.6598, 55, 22.94
9:52:43 AM, 97.59, 164.7984, 0.6354, 51, 21.19
9:52:44 AM, 97.39, 164.9981, 0.6549, 55, 22.16
9:52:45 AM, 97.39, 164.7984, 0.6452, 55, 21.58
9:52:46 AM, 97.59, 164.7984, 0.6794, 55, 22.16
9:52:47 AM, 97.59, 164.3989, 0.6647, 51, 22.16
9:52:48 AM, 97.59, 164.7984, 0.6549, 55, 22.16
9:52:49 AM, 97.20, 165.1979, 0.6549, 51, 21.97
9:52:50 AM, 97.01, 164.5986, 0.6207, 55, 21.77
9:52:51 AM, 97.01, 163.4001, 0.7136, 55, 22.74
9:52:52 AM, 97.01, 164.1991, 0.7185, 55, 21.97
9:52:53 AM, 97.01, 164.1991, 0.6989, 55, 22.16
9:52:54 AM, 97.01, 164.3989, 0.6843, 55, 22.16
9:52:55 AM, 96.81, 163.9994, 0.6989, 51, 22.36
9:52:56 AM, 96.81, 163.9994, 0.7234, 51, 21.97
9:52:57 AM, 96.81, 163.9994, 0.7234, 55, 22.55
9:52:58 AM, 96.81, 163.9994, 0.7234, 55, 22.55
9:52:59 AM, 97.01, 164.5986, 0.7185, 55, 21.19
9:53:00 AM, 96.81, 164.1991, 0.6989, 55, 21.97
9:53:01 AM, 96.81, 163.9994, 0.7185, 51, 22.16
9:53:02 AM, 96.81, 163.9994, 0.6891, 55, 33.05
9:53:03 AM, 96.81, 163.9994, 0.7087, 51, 22.36
9:53:04 AM, 97.01, 164.1991, 0.6989, 51, 23.52
9:53:05 AM, 97.01, 164.1991, 0.6891, 51, 22.36
9:53:06 AM, 97.01, 164.1991, 0.7087, 55, 22.16
9:53:07 AM, 96.81, 164.1991, 0.7185, 51, 22.36
9:53:08 AM, 97.01, 163.9994, 0.7283, 55, 22.55
9:53:09 AM, 97.01, 164.1991, 0.6843, 55, 22.55
9:53:10 AM, 97.01, 163.7996, 0.7087, 55, 21.77
9:53:11 AM, 97.01, 164.1991, 0.7087, 55, 22.74
9:53:12 AM, 97.01, 164.1991, 0.7038, 55, 22.16
9:53:13 AM, 97.01, 164.1991, 0.6794, 55, 22.36
9:53:14 AM, 97.01, 163.9994, 0.7087, 55, 21.19
9:53:15 AM, 97.01, 163.9994, 0.6989, 51, 22.36
9:53:16 AM, 97.20, 164.3989, 0.7087, 55, 22.55
9:53:17 AM, 97.20, 163.9994, 0.7185, 55, 21.97
9:53:18 AM, 97.39, 164.7984, 0.6403, 55, 22.36
9:53:19 AM, 97.39, 164.5986, 0.6696, 55, 22.16
9:53:20 AM, 97.39, 164.3989, 0.6843, 51, 22.16
9:53:21 AM, 97.20, 164.5986, 0.6696, 55, 21.97
9:53:22 AM, 97.01, 164.5986, 0.6745, 51, 22.36
9:53:23 AM, 97.01, 163.9994, 0.6989, 51, 21.77
9:53:24 AM, 97.20, 163.9994, 0.6794, 55, 22.36
9:53:25 AM, 97.39, 164.5986, 0.6647, 55, 22.36
9:53:26 AM, 97.39, 164.7984, 0.6843, 55, 23.13
9:53:27 AM, 97.20, 164.1991, 0.6843, 55, 22.74
9:53:28 AM, 97.01, 164.3989, 0.6794, 55, 22.36
9:53:29 AM, 97.01, 164.1991, 0.7136, 55, 22.36
9:53:30 AM, 97.01, 163.9994, 0.7185, 55, 22.16
9:53:31 AM, 97.01, 163.9994, 0.6843, 55, 21.97
9:53:32 AM, 96.81, 164.1991, 0.7185, 55, 22.74
9:53:33 AM, 96.81, 163.9994, 0.7234, 55, 22.94
9:53:34 AM, 96.81, 163.5999, 0.7234, 55, 21.58
9:53:35 AM, 96.81, 163.9994, 0.6940, 55, 21.58
9:53:36 AM, 97.01, 163.9994, 0.7283, 55, 22.36
9:53:37 AM, 97.01, 163.9994, 0.6989, 51, 21.38
9:53:38 AM, 96.81, 167.1955, 0.6940, 55, 22.36
9:53:39 AM, 96.81, 163.9994, 0.7185, 55, 22.55
9:53:40 AM, 97.20, 164.3989, 0.6940, 55, 18.47
9:53:41 AM, 97.20, 164.9981, 0.6794, 55, 23.91
9:53:42 AM, 96.81, 164.3989, 0.6891, 55, 22.55
9:53:43 AM, 96.62, 164.1991, 0.7283, 51, 21.97
9:53:44 AM, 96.81, 163.7996, 0.7527, 55, 21.97
9:53:45 AM, 97.01, 163.5999, 0.7185, 55, 22.36
9:53:46 AM, 97.01, 164.1991, 0.7038, 55, 22.55
9:53:47 AM, 97.01, 164.3989, 0.7087, 55, 22.36
9:53:48 AM, 97.01, 164.3989, 0.6989, 55, 22.55
9:53:49 AM, 97.01, 164.1991, 0.7038, 51, 21.77
9:53:50 AM, 97.20, 164.1991, 0.7038, 55, 22.36
9:53:51 AM, 97.01, 164.5986, 0.6647, 55, 21.77
9:53:52 AM, 97.20, 163.7996, 0.6989, 55, 22.36
9:53:53 AM, 97.39, 163.9994, 0.7038, 55, 22.16
9:53:54 AM, 97.39, 164.7984, 0.6696, 51, 22.16
9:53:55 AM, 97.39, 164.5986, 0.6598, 55, 22.74
9:53:56 AM, 97.39, 164.7984, 0.6745, 55, 22.74
9:53:57 AM, 97.39, 164.7984, 0.6696, 55, 21.97
9:53:58 AM, 97.39, 164.5986, 0.6696, 51, 22.16
9:53:59 AM, 97.39, 164.7984, 0.6256, 55, 22.16
9:54:00 AM, 97.01, 164.1991, 0.6647, 55, 22.55
9:54:01 AM, 97.01, 164.1991, 0.7087, 51, 22.16
9:54:02 AM, 97.01, 163.7996, 0.7038, 51, 22.55
9:54:03 AM, 97.01, 164.1991, 0.6843, 55, 24.11
9:54:04 AM, 97.01, 164.1991, 0.7087, 55, 22.16
9:54:05 AM, 96.81, 162.4013, 0.7234, 55, 22.36
9:54:06 AM, 96.62, 163.9994, 0.7283, 55, 21.97
9:54:07 AM, 96.81, 163.5999, 0.7967, 55, 22.55
9:54:08 AM, 97.01, 163.9994, 0.7283, 55, 22.74
9:54:09 AM, 97.01, 164.3989, 0.6891, 55, 22.55
9:54:10 AM, 97.01, 164.1991, 0.7087, 55, 21.77
9:54:11 AM, 96.81, 164.1991, 0.7087, 55, 22.16
9:54:12 AM, 97.01, 164.1991, 0.7185, 55, 21.97
9:54:13 AM, 97.20, 164.3989, 0.6794, 51, 21.97
9:54:14 AM, 97.20, 164.5986, 0.6891, 55, 22.16
9:54:15 AM, 97.39, 164.5986, 0.6891, 55, 22.55
9:54:16 AM, 97.20, 164.7984, 0.6794, 55, 21.97
9:54:17 AM, 97.01, 166.1967, 0.7283, 55, 21.97
9:54:18 AM, 97.20, 164.1991, 0.7087, 55, 22.36
9:54:19 AM, 97.39, 164.9981, 0.6500, 55, 25.08
9:54:20 AM, 97.39, 164.5986, 0.6696, 51, 21.97
9:54:21 AM, 97.39, 164.7984, 0.6647, 51, 22.55
9:54:22 AM, 97.01, 164.7984, 0.6696, 55, 21.97
9:54:23 AM, 97.20, 163.7996, 0.6989, 55, 22.16
9:54:24 AM, 97.39, 164.5986, 0.6794, 55, 21.58
9:54:25 AM, 97.39, 164.5986, 0.6843, 55, 22.36
9:54:26 AM, 97.20, 164.7984, 0.6794, 55, 22.55
9:54:27 AM, 97.39, 164.3989, 0.6891, 55, 22.36
9:54:28 AM, 97.39, 164.7984, 0.6549, 51, 22.36
9:54:29 AM, 97.39, 164.5986, 0.6696, 55, 21.97
9:54:30 AM, 97.39, 164.5986, 0.6745, 55, 22.94
9:54:31 AM, 97.20, 164.9981, 0.6891, 55, 22.55
9:54:32 AM, 97.39, 164.5986, 0.6549, 55, 22.16
9:54:33 AM, 97.59, 164.5986, 0.6647, 55, 21.97
9:54:34 AM, 97.59, 164.7984, 0.6452, 55, 22.55
9:54:35 AM, 97.39, 164.9981, 0.6598, 55, 22.36
9:54:36 AM, 97.01, 164.7984, 0.6403, 55, 22.36
9:54:37 AM, 97.01, 163.9994, 0.7038, 55, 22.36
9:54:38 AM, 97.20, 163.9994, 0.7136, 55, 21.97
9:54:39 AM, 97.39, 164.5986, 0.6843, 55, 21.77
9:54:40 AM, 97.20, 164.5986, 0.6500, 55, 22.16
9:54:41 AM, 96.81, 163.7996, 0.6940, 55, 22.74
9:54:42 AM, 97.01, 163.9994, 0.7038, 55, 22.55
9:54:43 AM, 97.01, 163.9994, 0.6207, 55, 21.38
9:54:44 AM, 97.01, 164.3989, 0.7087, 55, 22.36
9:54:45 AM, 97.01, 164.1991, 0.7087, 51, 21.38
9:54:46 AM, 97.01, 164.1991, 0.7087, 55, 22.36
9:54:47 AM, 96.81, 163.9994, 0.7087, 55, 22.16
9:54:48 AM, 96.62, 163.9994, 0.7087, 55, 22.16
9:54:49 AM, 96.81, 163.4001, 0.7283, 55, 24.11
9:54:50 AM, 97.01, 163.9994, 0.7283, 55, 22.55
9:54:51 AM, 97.01, 164.1991, 0.7185, 55, 21.58
9:54:52 AM, 97.01, 164.5986, 0.7185, 55, 21.00
9:54:53 AM, 96.81, 164.1991, 0.6940, 55, 22.74
9:54:54 AM, 97.01, 164.5986, 0.7283, 55, 21.97
9:54:55 AM, 97.20, 163.9994, 0.7038, 51, 22.74
9:54:56 AM, 97.39, 164.5986, 0.6891, 51, 21.77
9:54:57 AM, 97.39, 164.5986, 0.6598, 55, 23.33
9:54:58 AM, 97.39, 164.7984, 0.6549, 55, 22.16
9:54:59 AM, 97.39, 164.7984, 0.6745, 55, 22.36
9:55:00 AM, 97.01, 164.5986, 0.6745, 51, 22.36
9:55:01 AM, 97.01, 163.9994, 0.7038, 55, 22.74
9:55:02 AM, 97.01, 164.1991, 0.7185, 55, 22.36
9:55:03 AM, 97.01, 164.3989, 0.7038, 55, 22.36
9:55:04 AM, 97.01, 163.5999, 0.6989, 55, 22.36
9:55:05 AM, 96.81, 164.1991, 0.7185, 51, 21.97
9:55:06 AM, 96.81, 166.1967, 0.7234, 51, 21.97
9:55:07 AM, 97.01, 163.9994, 0.6843, 51, 21.58
9:55:08 AM, 97.01, 164.1991, 0.7478, 55, 21.58
9:55:09 AM, 97.01, 163.9994, 0.7038, 55, 21.58
9:55:10 AM, 97.01, 164.1991, 0.7136, 55, 22.74
9:55:11 AM, 97.01, 163.5999, 0.6891, 51, 22.36
9:55:12 AM, 96.81, 163.9994, 0.7087, 55, 21.00
9:55:13 AM, 96.81, 163.9994, 0.7087, 51, 22.94
9:55:14 AM, 97.01, 163.7996, 0.7185, 51, 22.74
9:55:15 AM, 97.20, 164.1991, 0.7136, 55, 22.36
9:55:16 AM, 97.39, 164.7984, 0.6500, 55, 21.77
9:55:17 AM, 97.39, 164.5986, 0.6696, 55, 21.58
9:55:18 AM, 97.01, 164.9981, 0.6794, 55, 22.94
9:55:19 AM, 97.20, 164.1991, 0.6989, 51, 21.77
9:55:20 AM, 97.20, 164.5986, 0.6891, 55, 21.77
9:55:21 AM, 97.20, 164.5986, 0.6745, 55, 22.36
9:55:22 AM, 97.20, 164.3989, 0.6891, 55, 22.55
9:55:23 AM, 97.01, 163.9994, 0.7185, 51, 21.77
9:55:24 AM, 97.20, 163.9994, 0.7429, 51, 22.55
9:55:25 AM, 97.39, 164.3989, 0.6696, 55, 22.16
9:55:26 AM, 97.59, 164.5986, 0.6745, 51, 21.00
9:55:27 AM, 97.59, 164.7984, 0.6452, 51, 21.97
9:55:28 AM, 97.59, 164.5986, 0.6794, 55, 21.58
9:55:29 AM, 97.39, 164.7984, 0.6305, 55, 21.97
9:55:30 AM, 97.01, 164.9981, 0.6891, 55, 22.36
9:55:31 AM, 97.20, 163.7996, 0.7087, 55, 21.97
9:55:32 AM, 97.39, 164.3989, 0.6745, 55, 32.66
9:55:33 AM, 97.39, 164.5986, 0.6598, 55, 22.36
9:55:34 AM, 97.39, 166.1967, 0.6696, 55, 22.94
9:55:35 AM, 97.01, 164.5986, 0.6745, 55, 21.38
9:55:36 AM, 97.01, 164.1991, 0.6843, 51, 22.55
9:55:37 AM, 97.20, 164.1991, 0.7087, 55, 23.33
9:55:38 AM, 97.59, 163.9994, 0.6500, 51, 22.16
9:55:39 AM, 97.78, 164.7984, 0.6500, 51, 18.47
9:55:40 AM, 97.59, 165.3977, 0.6403, 55, 22.36
9:55:41 AM, 97.59, 164.7984, 0.6452, 55, 22.36
9:55:42 AM, 97.59, 164.5986, 0.6549, 55, 22.36
9:55:43 AM, 97.59, 164.5986, 0.6403, 55, 22.74
9:55:44 AM, 97.59, 164.7984, 0.6452, 55, 22.55
9:55:45 AM, 97.39, 164.7984, 0.7038, 55, 22.55
9:55:46 AM, 97.20, 164.9981, 0.6696, 55, 22.55
9:55:47 AM, 97.20, 166.5962, 0.6598, 55, 22.74
9:55:48 AM, 97.39, 164.3989, 0.6891, 51, 21.97
9:55:49 AM, 97.39, 164.5986, 0.6794, 55, 22.36
9:55:50 AM, 97.39, 164.3989, 0.6794, 55, 22.16
9:55:51 AM, 97.01, 164.5986, 0.6598, 51, 21.58
9:55:52 AM, 97.01, 164.1991, 0.7136, 55, 21.19
9:55:53 AM, 97.20, 164.5986, 0.6745, 55, 22.16
9:55:54 AM, 97.20, 164.3989, 0.6647, 51, 22.36
9:55:55 AM, 97.01, 164.3989, 0.6647, 51, 22.55
9:55:56 AM, 97.01, 163.9994, 0.6891, 55, 21.77
9:55:57 AM, 96.81, 164.1991, 0.7136, 55, 21.97
9:55:58 AM, 96.81, 163.7996, 0.7234, 55, 22.55
9:55:59 AM, 96.81, 163.9994, 0.7283, 55, 21.58
9:56:00 AM, 96.62, 163.5999, 0.7185, 55, 21.38
9:56:01 AM, 96.42, 163.5999, 0.7136, 55, 21.97
9:56:02 AM, 96.23, 163.4001, 0.7576, 55, 21.00
9:56:03 AM, 96.42, 163.4001, 0.7625, 55, 21.97
9:56:04 AM, 96.62, 164.5986, 0.7380, 55, 22.55
9:56:05 AM, 96.81, 163.7996, 0.7576, 51, 21.77
9:56:06 AM, 96.81, 163.9994, 0.7234, 55, 22.55
9:56:07 AM, 96.62, 163.5999, 0.7234, 55, 19.83
9:56:08 AM, 96.62, 163.5999, 0.7478, 55, 22.55
9:56:09 AM, 96.62, 163.5999, 0.7478, 55, 21.97
9:56:10 AM, 96.81, 163.4001, 0.7478, 55, 21.19
9:56:11 AM, 97.01, 163.7996, 0.7185, 55, 22.94
9:56:12 AM, 97.01, 164.1991, 0.6843, 51, 25.47
9:56:13 AM, 97.01, 164.1991, 0.7038, 51, 22.36
9:56:14 AM, 97.01, 164.1991, 0.6891, 55, 21.97
9:56:15 AM, 96.62, 163.9994, 0.7087, 55, 22.36
9:56:16 AM, 96.81, 163.5999, 0.7234, 55, 22.55
9:56:17 AM, 97.01, 163.5999, 0.6989, 55, 22.55
9:56:18 AM, 97.20, 163.4001, 0.7087, 55, 22.36
9:56:19 AM, 97.20, 164.5986, 0.6696, 55, 21.58
9:56:20 AM, 97.20, 164.1991, 0.6794, 55, 21.77
9:56:21 AM, 97.20, 164.3989, 0.6598, 55, 21.97
9:56:22 AM, 96.81, 163.9994, 0.7087, 55, 21.19
9:56:23 AM, 96.81, 166.1967, 0.7283, 55, 22.36
9:56:24 AM, 97.01, 163.9994, 0.7087, 51, 21.97
9:56:25 AM, 97.01, 163.7996, 0.7136, 51, 22.36
9:56:26 AM, 97.20, 164.1991, 0.6843, 55, 22.55
9:56:27 AM, 97.20, 164.5986, 0.6843, 55, 21.97
9:56:28 AM, 97.01, 163.7996, 0.6794, 51, 22.36
9:56:29 AM, 97.01, 164.5986, 0.7087, 55, 21.58
9:56:30 AM, 97.01, 163.7996, 0.7331, 55, 22.36
9:56:31 AM, 97.01, 163.9994, 0.6745, 55, 21.58
9:56:32 AM, 97.01, 163.7996, 0.6989, 55, 22.94
9:56:33 AM, 97.01, 163.9994, 0.6696, 55, 22.55
9:56:34 AM, 97.01, 163.9994, 0.7136, 51, 22.74
9:56:35 AM, 96.81, 164.1991, 0.7087, 55, 22.16
9:56:36 AM, 96.81, 163.9994, 0.6989, 55, 22.16
9:56:37 AM, 97.01, 163.7996, 0.7087, 55, 22.36
9:56:38 AM, 97.01, 164.5986, 0.7087, 55, 21.58
9:56:39 AM, 97.20, 163.7996, 0.7087, 55, 21.58
9:56:40 AM, 97.39, 164.3989, 0.6794, 55, 21.38
9:56:41 AM, 97.39, 164.5986, 0.6696, 51, 21.58
9:56:42 AM, 97.20, 164.3989, 0.6452, 51, 27.80
9:56:43 AM, 97.01, 164.3989, 0.6843, 51, 22.55
9:56:44 AM, 97.01, 163.9994, 0.7087, 55, 22.55
9:56:45 AM, 97.20, 164.1991, 0.7087, 55, 21.97
9:56:46 AM, 97.39, 164.3989, 0.6647, 55, 21.38
9:56:47 AM, 97.39, 164.3989, 0.6745, 51, 22.16
9:56:48 AM, 97.39, 164.3989, 0.6696, 55, 22.74
9:56:49 AM, 97.01, 164.5986, 0.6696, 55, 21.97
9:56:50 AM, 97.20, 163.9994, 0.7136, 55, 21.97
9:56:51 AM, 97.20, 164.3989, 0.6745, 55, 22.16
9:56:52 AM, 97.39, 165.3977, 0.6794, 55, 21.77
9:56:53 AM, 97.20, 164.5986, 0.6843, 55, 22.36
9:56:54 AM, 97.01, 164.1991, 0.6940, 51, 22.16
9:56:55 AM, 97.20, 163.9994, 0.7185, 55, 22.55
9:56:56 AM, 97.39, 163.9994, 0.6843, 55, 21.00
9:56:57 AM, 97.59, 164.3989, 0.6696, 55, 22.16
9:56:58 AM, 97.59, 164.7984, 0.6403, 55, 27.80
9:56:59 AM, 97.39, 164.5986, 0.6647, 55, 21.58
9:57:00 AM, 97.59, 164.3989, 0.6843, 55, 22.16
9:57:01 AM, 97.59, 164.5986, 0.6696, 55, 21.97
9:57:02 AM, 97.59, 164.5986, 0.6696, 55, 22.36
9:57:03 AM, 97.20, 164.5986, 0.6696, 55, 22.16
9:57:04 AM, 96.81, 164.3989, 0.6891, 55, 22.36
9:57:05 AM, 97.01, 163.4001, 0.7234, 51, 22.94
9:57:06 AM, 97.39, 164.1991, 0.6794, 51, 21.97
9:57:07 AM, 97.01, 164.5986, 0.6647, 51, 21.77
9:57:08 AM, 97.01, 163.7996, 0.7087, 55, 22.36
9:57:09 AM, 97.01, 163.7996, 0.7478, 51, 22.55
9:57:10 AM, 97.20, 163.7996, 0.7185, 51, 22.16
9:57:11 AM, 97.39, 164.1991, 0.6891, 51, 21.97
9:57:12 AM, 97.59, 164.7984, 0.6452, 51, 22.55
9:57:13 AM, 97.59, 164.5986, 0.6647, 55, 21.97
9:57:15 AM, 97.39, 164.3989, 0.6794, 55, 22.36
9:57:16 AM, 97.39, 164.5986, 0.6745, 51, 21.77
9:57:17 AM, 97.39, 164.3989, 0.6696, 55, 22.16
9:57:18 AM, 97.01, 164.5986, 0.6745, 55, 22.36
9:57:19 AM, 97.01, 164.1991, 0.7087, 55, 23.52
9:57:20 AM, 97.01, 164.1991, 0.7087, 55, 22.36
9:57:21 AM, 97.20, 163.9994, 0.7087, 55, 22.74
9:57:22 AM, 97.39, 164.5986, 0.6598, 51, 22.74
9:57:23 AM, 97.59, 166.9957, 0.6843, 51, 22.36
9:57:24 AM, 97.78, 164.7984, 0.6207, 55, 22.16
9:57:25 AM, 97.78, 165.3977, 0.6403, 55, 21.58
9:57:26 AM, 97.39, 165.3977, 0.6452, 55, 22.36
9:57:27 AM, 97.01, 164.5986, 0.6745, 55, 21.97
9:57:28 AM, 97.01, 164.1991, 0.7087, 55, 22.55
9:57:29 AM, 97.01, 163.9994, 0.7087, 55, 22.36
9:57:30 AM, 97.01, 163.9994, 0.7185, 51, 22.36
9:57:31 AM, 97.01, 164.1991, 0.7185, 55, 21.97
9:57:32 AM, 96.81, 166.1967, 0.7185, 55, 21.97
9:57:33 AM, 96.81, 163.7996, 0.6989, 55, 21.97
9:57:34 AM, 96.62, 163.7996, 0.7283, 55, 22.36
9:57:35 AM, 96.81, 163.5999, 0.7234, 55, 22.16
9:57:36 AM, 97.01, 163.9994, 0.7087, 55, 21.97
9:57:37 AM, 97.01, 163.7996, 0.6843, 55, 22.36
9:57:38 AM, 97.01, 163.9994, 0.6843, 55, 22.36
9:57:39 AM, 97.20, 163.9994, 0.7087, 55, 21.77
9:57:40 AM, 97.01, 164.3989, 0.6794, 55, 22.36
9:57:41 AM, 97.01, 164.1991, 0.7185, 51, 22.16
9:57:42 AM, 97.20, 163.9994, 0.7038, 55, 21.58
9:57:43 AM, 97.01, 163.9994, 0.6647, 55, 21.77
9:57:44 AM, 97.20, 163.9994, 0.7038, 55, 21.97
9:57:45 AM, 97.39, 164.3989, 0.6598, 51, 22.55
9:57:46 AM, 97.59, 164.5986, 0.6745, 55, 21.77
9:57:47 AM, 97.59, 164.5986, 0.6500, 55, 21.77
9:57:48 AM, 97.20, 164.7984, 0.6403, 55, 21.97
9:57:49 AM, 97.39, 164.3989, 0.6794, 55, 22.16
9:57:50 AM, 97.39, 164.5986, 0.6598, 51, 21.97
9:57:51 AM, 97.39, 164.5986, 0.6794, 55, 21.97
9:57:52 AM, 97.39, 164.5986, 0.6549, 51, 22.55
9:57:53 AM, 97.01, 164.5986, 0.6794, 55, 22.55
9:57:54 AM, 97.01, 163.9994, 0.6843, 55, 21.77
9:57:55 AM, 97.01, 164.1991, 0.6794, 55, 21.97
9:57:56 AM, 97.20, 163.9994, 0.6500, 55, 21.38
9:57:57 AM, 97.20, 163.5999, 0.6794, 55, 23.33
9:57:58 AM, 97.20, 164.3989, 0.6891, 55, 22.16
9:57:59 AM, 97.01, 164.3989, 0.7136, 55, 22.55
9:58:00 AM, 97.20, 164.1991, 0.7087, 55, 21.58
9:58:01 AM, 97.39, 164.5986, 0.6647, 55, 23.33
9:58:02 AM, 97.59, 164.7984, 0.6598, 51, 22.36
9:58:03 AM, 97.78, 164.7984, 0.6598, 55, 21.97
9:58:04 AM, 97.59, 165.3977, 0.6109, 55, 22.55
9:58:05 AM, 97.39, 164.7984, 0.6598, 55, 22.16
9:58:06 AM, 97.39, 164.5986, 0.6745, 55, 21.77
9:58:07 AM, 97.39, 164.7984, 0.6696, 55, 21.58
9:58:08 AM, 97.39, 164.5986, 0.6794, 55, 22.36
9:58:09 AM, 97.01, 163.9994, 0.6794, 55, 21.77
9:58:10 AM, 97.01, 164.1991, 0.7185, 55, 22.16
9:58:11 AM, 97.01, 164.1991, 0.6598, 51, 22.74
9:58:12 AM, 97.01, 164.1991, 0.7185, 55, 22.55
9:58:13 AM, 97.01, 163.9994, 0.6696, 55, 22.55
9:58:14 AM, 96.81, 164.3989, 0.6891, 51, 22.55
9:58:15 AM, 97.01, 163.9994, 0.6940, 55, 22.36
9:58:16 AM, 97.01, 164.1991, 0.6843, 51, 22.55
9:58:17 AM, 97.20, 163.9994, 0.7087, 51, 22.94
9:58:18 AM, 97.20, 164.3989, 0.6549, 51, 22.16
9:58:19 AM, 97.20, 164.5986, 0.6745, 51, 21.97
9:58:20 AM, 97.20, 164.1991, 0.6794, 51, 22.55
9:58:21 AM, 97.20, 164.3989, 0.6843, 55, 22.55
9:58:22 AM, 97.39, 164.7984, 0.6598, 55, 22.16
9:58:23 AM, 97.39, 164.5986, 0.6549, 55, 21.97
9:58:24 AM, 97.59, 164.3989, 0.6647, 55, 23.13
9:58:25 AM, 97.59, 164.7984, 0.6598, 55, 22.36
9:58:26 AM, 97.39, 164.5986, 0.6647, 51, 22.36
9:58:27 AM, 97.01, 164.5986, 0.6500, 55, 22.36
9:58:28 AM, 97.01, 163.9994, 0.7087, 55, 21.97
9:58:29 AM, 97.01, 164.3989, 0.6891, 51, 22.16
9:58:30 AM, 97.01, 163.9994, 0.7136, 55, 22.74
9:58:31 AM, 97.01, 163.7996, 0.7136, 55, 22.94
9:58:32 AM, 97.01, 163.9994, 0.6843, 55, 22.16
9:58:33 AM, 97.01, 163.9994, 0.7527, 55, 22.55
9:58:34 AM, 97.01, 163.5999, 0.7136, 55, 21.19
9:58:35 AM, 97.01, 164.3989, 0.6891, 55, 21.97
9:58:36 AM, 96.81, 163.2003, 0.7478, 55, 21.77
9:58:37 AM, 97.01, 163.7996, 0.7087, 55, 22.16
9:58:38 AM, 97.01, 163.9994, 0.7136, 55, 22.16
9:58:39 AM, 97.01, 164.1991, 0.7087, 55, 22.36
9:58:40 AM, 97.20, 164.1991, 0.7087, 55, 22.36
9:58:41 AM, 97.20, 163.9994, 0.6843, 55, 22.74
9:58:42 AM, 97.01, 164.1991, 0.6647, 55, 23.33
9:58:43 AM, 97.20, 164.1991, 0.7185, 51, 22.16
9:58:44 AM, 97.20, 164.3989, 0.6940, 55, 22.55
9:58:45 AM, 97.20, 163.9994, 0.6843, 55, 22.36
9:58:46 AM, 97.01, 163.7996, 0.6891, 55, 22.16
9:58:47 AM, 96.81, 163.9994, 0.6940, 51, 22.74
9:58:48 AM, 97.01, 163.7996, 0.7283, 51, 22.74
9:58:49 AM, 97.01, 163.9994, 0.6891, 55, 22.74
9:58:50 AM, 97.01, 164.1991, 0.6843, 55, 22.36
9:58:51 AM, 97.20, 163.9994, 0.7136, 51, 22.74
9:58:52 AM, 97.01, 164.1991, 0.6696, 55, 22.94
9:58:53 AM, 97.01, 163.5999, 0.7087, 55, 22.94
9:58:54 AM, 96.81, 164.1991, 0.7087, 55, 21.58
9:58:55 AM, 97.01, 163.9994, 0.7185, 55, 28.77
9:58:56 AM, 97.20, 163.9994, 0.6891, 55, 22.55
9:58:57 AM, 97.20, 164.5986, 0.6891, 55, 21.77
9:58:58 AM, 97.01, 164.3989, 0.6843, 55, 21.97
9:58:59 AM, 96.81, 163.9994, 0.7185, 51, 22.55
9:59:00 AM, 97.01, 163.7996, 0.7136, 51, 21.58
9:59:01 AM, 97.20, 163.9994, 0.6745, 51, 22.36
9:59:02 AM, 97.39, 164.5986, 0.6940, 51, 21.77
9:59:03 AM, 97.39, 164.5986, 0.6794, 55, 22.94
9:59:04 AM, 97.39, 164.3989, 0.6745, 51, 21.97
9:59:05 AM, 97.39, 164.7984, 0.6598, 55, 22.36
9:59:06 AM, 97.20, 163.9994, 0.6989, 51, 22.55
9:59:07 AM, 97.20, 166.1967, 0.6891, 55, 21.97
9:59:08 AM, 97.39, 164.5986, 0.6843, 55, 22.16
9:59:09 AM, 97.39, 164.5986, 0.6598, 55, 22.16
9:59:10 AM, 97.39, 164.9981, 0.6598, 55, 22.16
9:59:11 AM, 97.39, 164.5986, 0.6745, 51, 22.55
9:59:12 AM, 97.39, 164.5986, 0.6696, 55, 22.36
9:59:13 AM, 97.59, 164.5986, 0.6647, 55, 23.13
9:59:14 AM, 97.59, 164.7984, 0.6696, 55, 21.77
9:59:15 AM, 97.20, 164.7984, 0.6452, 55, 22.94
9:59:16 AM, 97.20, 164.5986, 0.6891, 55, 21.97
9:59:17 AM, 97.39, 164.3989, 0.6891, 51, 22.36
9:59:18 AM, 97.39, 164.7984, 0.6745, 55, 21.77
9:59:19 AM, 97.59, 164.5986, 0.6745, 55, 22.36
9:59:20 AM, 97.59, 164.7984, 0.6598, 55, 22.16
9:59:21 AM, 96.81, 164.3989, 0.6696, 55, 22.55
9:59:22 AM, 97.01, 164.5986, 0.7185, 55, 21.77
9:59:23 AM, 97.20, 164.1991, 0.7185, 55, 22.36
9:59:24 AM, 97.39, 164.5986, 0.6843, 55, 21.97
9:59:25 AM, 97.20, 164.7984, 0.6843, 55, 22.55
9:59:26 AM, 97.01, 164.5986, 0.6940, 55, 21.97
9:59:27 AM, 96.81, 163.9994, 0.6940, 55, 22.74
9:59:28 AM, 97.01, 163.9994, 0.6843, 55, 21.77
9:59:29 AM, 97.01, 163.9994, 0.6989, 55, 22.16
9:59:30 AM, 97.01, 163.9994, 0.7087, 55, 21.58
9:59:31 AM, 97.20, 163.7996, 0.7478, 51, 22.94
9:59:32 AM, 97.20, 164.3989, 0.6598, 51, 22.74
9:59:33 AM, 96.81, 164.5986, 0.6745, 55, 22.16
9:59:34 AM, 96.81, 163.9994, 0.7038, 55, 21.58
9:59:35 AM, 97.01, 163.9994, 0.7185, 55, 21.97
9:59:36 AM, 97.01, 163.9994, 0.6891, 55, 22.74
9:59:37 AM, 97.01, 164.1991, 0.6843, 51, 22.36
9:59:38 AM, 97.01, 163.9994, 0.7087, 55, 22.55
9:59:39 AM, 97.01, 163.9994, 0.6989, 55, 22.74
9:59:40 AM, 97.20, 164.1991, 0.7087, 51, 21.77
9:59:41 AM, 97.39, 164.3989, 0.6696, 55, 22.16
9:59:42 AM, 97.59, 164.7984, 0.6354, 51, 21.58
9:59:43 AM, 97.39, 164.7984, 0.7625, 55, 22.74
9:59:44 AM, 97.01, 164.1991, 0.6843, 55, 22.36
9:59:45 AM, 96.81, 164.1991, 0.7234, 55, 21.97
9:59:46 AM, 97.01, 163.7996, 0.7283, 55, 22.36
9:59:47 AM, 97.01, 163.7996, 0.7038, 55, 22.55
9:59:48 AM, 97.01, 166.1967, 0.7087, 55, 22.55
9:59:49 AM, 97.01, 163.9994, 0.6989, 55, 22.36
9:59:50 AM, 97.01, 166.1967, 0.6843, 51, 22.55
9:59:51 AM, 97.20, 163.9994, 0.7038, 55, 22.74
9:59:52 AM, 97.39, 164.1991, 0.6745, 55, 23.33
9:59:53 AM, 97.59, 164.5986, 0.6598, 55, 22.16
9:59:54 AM, 97.59, 164.7984, 0.6598, 55, 22.55
9:59:55 AM, 97.78, 164.7984, 0.6598, 55, 22.74
9:59:56 AM, 97.39, 167.3952, 0.6452, 55, 21.97
9:59:57 AM, 97.39, 164.3989, 0.6696, 51, 21.97
9:59:58 AM, 97.59, 164.3989, 0.6696, 55, 21.58
9:59:59 AM, 97.59, 164.3989, 0.6647, 55, 22.36
10:00:00 AM, 97.39, 164.5986, 0.6696, 55, 22.36
10:00:01 AM, 97.39, 164.5986, 0.6794, 55, 22.16
10:00:02 AM, 97.39, 164.5986, 0.6843, 55, 23.52
10:00:03 AM, 97.59, 164.3989, 0.6794, 51, 22.16
10:00:04 AM, 97.59, 164.5986, 0.6696, 55, 22.36
10:00:05 AM, 97.01, 164.7984, 0.6452, 51, 22.16
10:00:06 AM, 97.01, 164.1991, 0.7136, 51, 21.77
10:00:07 AM, 97.01, 163.7996, 0.7136, 51, 22.16
10:00:08 AM, 97.20, 164.1991, 0.6794, 55, 22.55
10:00:09 AM, 97.39, 164.3989, 0.6500, 55, 22.36
10:00:10 AM, 97.59, 164.3989, 0.6794, 51, 22.94
10:00:11 AM, 97.59, 164.5986, 0.6696, 51, 21.97
10:00:12 AM, 97.01, 164.3989, 0.6891, 51, 21.97
10:00:13 AM, 97.01, 164.1991, 0.7185, 55, 21.97
10:00:14 AM, 97.01, 164.1991, 0.7136, 55, 22.36
10:00:15 AM, 97.01, 163.9994, 0.7038, 55, 22.74
10:00:16 AM, 97.01, 163.9994, 0.6940, 55, 21.58
10:00:17 AM, 97.01, 164.1991, 0.6696, 55, 22.16
10:00:18 AM, 97.01, 163.9994, 0.6598, 51, 22.55
10:00:19 AM, 96.81, 163.7996, 0.7136, 55, 22.74
10:00:20 AM, 97.01, 163.7996, 0.7234, 55, 22.36
10:00:21 AM, 97.01, 164.5986, 0.6989, 51, 21.58
10:00:22 AM, 97.01, 163.9994, 0.7038, 55, 22.55
10:00:23 AM, 97.20, 164.1991, 0.7136, 55, 26.24
10:00:24 AM, 97.20, 164.5986, 0.6794, 55, 21.97
10:00:25 AM, 97.01, 164.3989, 0.6745, 55, 22.74
10:00:26 AM, 97.01, 163.9994, 0.6989, 55, 22.55
10:00:27 AM, 97.01, 163.9994, 0.7136, 55, 22.36
10:00:28 AM, 97.01, 164.1991, 0.7087, 55, 22.36
10:00:29 AM, 97.01, 163.4001, 0.7185, 55, 21.97
10:00:30 AM, 97.01, 163.9994, 0.7234, 55, 21.97
10:00:31 AM, 97.01, 163.4001, 0.7087, 55, 22.16
10:00:32 AM, 97.20, 164.1991, 0.7087, 55, 22.55
10:00:33 AM, 97.20, 164.3989, 0.6647, 55, 22.36
10:00:34 AM, 97.01, 164.3989, 0.6696, 55, 22.74
10:00:35 AM, 97.01, 164.1991, 0.6843, 55, 22.55
10:00:36 AM, 97.20, 163.9994, 0.6794, 55, 23.33
10:00:37 AM, 97.20, 163.9994, 0.6891, 51, 21.97
10:00:38 AM, 97.01, 164.3989, 0.6940, 55, 22.55
10:00:39 AM, 97.01, 164.3989, 0.6843, 55, 22.55
10:00:40 AM, 97.01, 163.9994, 0.7087, 55, 21.97
10:00:41 AM, 97.20, 163.9994, 0.6989, 55, 22.36
10:00:42 AM, 97.39, 163.9994, 0.6696, 55, 22.36
10:00:43 AM, 97.59, 163.7996, 0.6696, 55, 22.55
10:00:44 AM, 97.59, 164.3989, 0.6598, 55, 28.77
10:00:45 AM, 97.39, 165.3977, 0.6549, 55, 21.38
10:00:46 AM, 97.39, 164.7984, 0.6647, 55, 21.38
10:00:47 AM, 97.39, 164.5986, 0.6696, 55, 22.36
10:00:48 AM, 97.59, 164.3989, 0.6647, 55, 21.97
10:00:49 AM, 97.59, 164.7984, 0.6647, 51, 22.36
10:00:50 AM, 97.20, 165.3977, 0.6647, 55, 21.00
10:00:51 AM, 97.01, 164.3989, 0.6794, 55, 22.55
10:00:52 AM, 97.20, 163.9994, 0.7087, 51, 22.36
10:00:53 AM, 97.20, 164.3989, 0.6891, 51, 22.55
10:00:54 AM, 97.20, 164.3989, 0.6794, 51, 22.55
10:00:55 AM, 97.20, 163.9994, 0.6843, 55, 21.97
10:00:56 AM, 97.20, 164.5986, 0.6745, 55, 22.16
10:00:57 AM, 97.39, 164.3989, 0.6696, 55, 21.58
10:00:58 AM, 97.39, 164.5986, 0.6598, 55, 21.58
10:00:59 AM, 97.01, 164.5986, 0.6500, 51, 21.97
10:01:00 AM, 97.20, 163.9994, 0.6989, 51, 22.55
10:01:01 AM, 97.39, 164.3989, 0.6696, 51, 22.55
10:01:02 AM, 97.59, 164.5986, 0.6745, 51, 21.97
10:01:03 AM, 97.59, 164.7984, 0.6696, 51, 21.58
10:01:04 AM, 97.39, 164.7984, 0.6354, 51, 22.55
10:01:05 AM, 97.59, 164.5986, 0.6549, 55, 22.55
10:01:06 AM, 97.59, 164.3989, 0.6598, 55, 22.36
10:01:07 AM, 97.59, 164.7984, 0.6549, 55, 22.55
10:01:08 AM, 97.59, 164.5986, 0.6598, 55, 27.80
10:01:09 AM, 97.39, 164.5986, 0.6549, 55, 21.77
10:01:10 AM, 97.39, 164.3989, 0.6647, 55, 21.97
10:01:11 AM, 97.59, 164.5986, 0.6598, 55, 21.38
10:01:12 AM, 97.39, 164.5986, 0.6403, 51, 22.16
10:01:13 AM, 97.01, 167.7947, 0.6549, 55, 22.74
10:01:14 AM, 97.01, 163.5999, 0.7087, 55, 22.36
10:01:15 AM, 97.20, 163.9994, 0.7087, 55, 22.36
10:01:16 AM, 97.39, 166.1967, 0.6891, 55, 22.55
10:01:17 AM, 97.59, 164.3989, 0.6794, 55, 21.97
10:01:18 AM, 97.59, 164.7984, 0.6598, 55, 21.97
10:01:19 AM, 97.20, 164.7984, 0.6598, 55, 21.58
10:01:20 AM, 97.20, 164.3989, 0.6696, 55, 22.74
10:01:21 AM, 97.20, 164.3989, 0.6794, 55, 21.58
10:01:22 AM, 97.20, 164.3989, 0.6843, 51, 22.74
10:01:23 AM, 97.20, 164.1991, 0.6696, 55, 22.36
10:01:24 AM, 97.20, 163.9994, 0.6843, 55, 21.58
10:01:25 AM, 97.39, 164.3989, 0.6745, 55, 22.55
10:01:26 AM, 97.59, 164.7984, 0.6647, 55, 21.77
10:01:27 AM, 97.39, 164.5986, 0.6549, 51, 21.97
10:01:28 AM, 97.01, 164.7984, 0.6745, 55, 21.58
10:01:29 AM, 96.81, 163.9994, 0.7038, 55, 22.36
10:01:30 AM, 96.62, 163.9994, 0.7038, 51, 22.36
10:01:31 AM, 96.81, 163.7996, 0.7478, 55, 21.58
10:01:32 AM, 96.81, 163.9994, 0.7234, 55, 22.36
10:01:33 AM, 96.81, 163.2003, 0.7234, 55, 22.55
10:01:34 AM, 97.20, 163.2003, 0.6843, 51, 22.55
10:01:35 AM, 97.20, 164.5986, 0.6794, 55, 22.55
10:01:36 AM, 97.20, 164.3989, 0.6891, 55, 22.36
10:01:37 AM, 97.01, 164.3989, 0.6598, 55, 21.97
10:01:38 AM, 97.01, 163.9994, 0.7038, 51, 22.36
10:01:39 AM, 97.01, 163.9994, 0.7087, 55, 21.97
10:01:40 AM, 97.01, 163.7996, 0.7185, 55, 22.36
10:01:41 AM, 97.01, 163.9994, 0.7185, 51, 22.16
10:01:42 AM, 96.62, 163.9994, 0.7185, 55, 21.97
10:01:43 AM, 96.81, 163.4001, 0.7478, 55, 21.97
10:01:44 AM, 96.81, 163.2003, 0.7038, 51, 22.16
10:01:45 AM, 97.01, 163.7996, 0.7136, 51, 21.00
10:01:46 AM, 97.01, 163.5999, 0.7087, 55, 22.36
10:01:47 AM, 97.01, 163.9994, 0.7038, 55, 22.55
10:01:48 AM, 97.01, 163.9994, 0.7038, 55, 21.77
10:01:49 AM, 97.01, 163.9994, 0.6745, 55, 21.97
10:01:50 AM, 97.01, 163.7996, 0.7038, 55, 22.16
10:01:51 AM, 97.01, 163.9994, 0.6794, 55, 22.16
10:01:52 AM, 97.01, 163.9994, 0.6794, 51, 22.36
10:01:53 AM, 97.01, 163.9994, 0.7087, 55, 21.97
10:01:54 AM, 97.20, 164.3989, 0.6891, 55, 22.16
10:01:55 AM, 97.01, 167.3952, 0.6940, 55, 22.55
10:01:56 AM, 97.01, 163.9994, 0.6940, 51, 22.16
10:01:57 AM, 97.20, 163.9994, 0.7087, 55, 22.55
10:01:58 AM, 97.39, 164.1991, 0.6891, 55, 22.16
10:01:59 AM, 97.39, 164.3989, 0.6354, 55, 22.36
10:02:00 AM, 97.59, 164.3989, 0.6647, 55, 22.74
10:02:01 AM, 97.59, 164.5986, 0.7038, 55, 22.16
10:02:02 AM, 97.39, 165.1979, 0.6452, 55, 22.74
10:02:03 AM, 97.01, 166.1967, 0.6794, 55, 22.36
10:02:04 AM, 97.01, 163.9994, 0.7038, 55, 22.36
10:02:05 AM, 97.01, 163.9994, 0.7185, 51, 21.77
10:02:06 AM, 97.01, 163.9994, 0.7087, 51, 22.16
10:02:07 AM, 97.01, 163.9994, 0.7038, 55, 22.55
10:02:08 AM, 97.01, 163.9994, 0.7234, 55, 22.36
10:02:09 AM, 97.01, 163.9994, 0.6891, 51, 22.55
10:02:10 AM, 97.01, 163.9994, 0.7136, 55, 21.58
10:02:11 AM, 96.62, 163.7996, 0.7234, 51, 22.74
10:02:12 AM, 96.42, 163.5999, 0.6989, 55, 22.36
10:02:13 AM, 96.62, 163.2003, 0.7478, 55, 21.58
10:02:14 AM, 96.81, 163.4001, 0.7380, 51, 23.91
10:02:15 AM, 97.01, 163.9994, 0.7283, 55, 21.97
10:02:16 AM, 97.01, 163.7996, 0.7185, 55, 22.16
10:02:17 AM, 97.01, 163.7996, 0.7185, 55, 22.16
10:02:18 AM, 97.01, 164.1991, 0.6843, 55, 22.16
10:02:19 AM, 97.20, 163.9994, 0.6940, 55, 22.55
10:02:20 AM, 97.39, 164.3989, 0.6794, 55, 22.36
10:02:21 AM, 97.59, 164.1991, 0.6500, 51, 22.16
10:02:22 AM, 97.59, 164.5986, 0.6452, 51, 22.55
10:02:23 AM, 97.59, 163.7996, 0.6647, 55, 22.16
10:02:24 AM, 97.39, 164.5986, 0.6696, 51, 22.16
10:02:25 AM, 97.39, 164.5986, 0.6696, 51, 21.77
10:02:26 AM, 97.59, 165.3977, 0.6696, 55, 21.00
10:02:27 AM, 97.59, 164.5986, 0.6549, 55, 22.16
10:02:28 AM, 97.59, 164.5986, 0.6500, 55, 22.36
10:02:29 AM, 97.59, 164.5986, 0.6598, 55, 22.16
10:02:30 AM, 97.59, 164.5986, 0.6647, 55, 21.38
10:02:31 AM, 97.59, 164.7984, 0.6500, 55, 21.97
10:02:32 AM, 97.20, 163.9994, 0.6500, 55, 22.55
10:02:33 AM, 97.20, 163.9994, 0.6843, 55, 21.97
10:02:34 AM, 97.39, 164.1991, 0.6696, 51, 22.74
10:02:35 AM, 97.39, 164.1991, 0.6794, 55, 22.36
10:02:36 AM, 97.39, 164.1991, 0.6696, 51, 22.36
10:02:37 AM, 97.01, 164.9981, 0.6745, 51, 24.49
10:02:38 AM, 97.20, 163.9994, 0.7087, 55, 22.36
10:02:39 AM, 97.20, 163.9994, 0.6843, 55, 21.97
10:02:40 AM, 97.20, 164.5986, 0.6696, 55, 21.97
10:02:41 AM, 97.20, 164.5986, 0.6500, 55, 21.97
10:02:42 AM, 97.20, 164.1991, 0.6794, 51, 21.38
10:02:43 AM, 97.20, 164.1991, 0.6794, 55, 22.55
10:02:44 AM, 97.20, 164.3989, 0.6549, 55, 21.97
10:02:45 AM, 97.39, 164.1991, 0.6891, 51, 22.16
10:02:46 AM, 97.59, 164.7984, 0.6745, 55, 21.77
10:02:47 AM, 97.39, 164.7984, 0.6647, 55, 22.55
10:02:48 AM, 97.39, 164.5986, 0.6207, 55, 22.16
10:02:49 AM, 97.39, 164.5986, 0.6745, 55, 22.55
10:02:50 AM, 97.59, 164.5986, 0.6745, 55, 20.80
10:02:51 AM, 97.59, 164.5986, 0.6207, 51, 22.55
10:02:52 AM, 97.59, 164.5986, 0.6354, 55, 22.36
10:02:53 AM, 97.59, 164.7984, 0.6305, 55, 21.97
10:02:54 AM, 97.59, 164.5986, 0.6598, 55, 21.97
10:02:55 AM, 97.59, 164.7984, 0.6549, 55, 22.36
10:02:56 AM, 97.20, 164.5986, 0.6598, 55, 22.74
10:02:57 AM, 96.81, 164.3989, 0.6794, 55, 22.74
10:02:58 AM, 97.01, 163.7996, 0.7234, 55, 21.77
10:02:59 AM, 97.01, 163.9994, 0.6696, 55, 22.36
10:03:00 AM, 97.01, 164.1991, 0.7136, 55, 22.16
10:03:01 AM, 97.01, 164.3989, 0.7038, 51, 22.55
10:03:02 AM, 97.01, 164.1991, 0.6989, 55, 22.36
10:03:03 AM, 97.01, 163.7996, 0.7087, 55, 21.97
10:03:04 AM, 96.81, 163.9994, 0.7136, 55, 22.16
10:03:05 AM, 96.81, 163.5999, 0.7283, 55, 21.77
10:03:06 AM, 97.01, 163.9994, 0.7136, 55, 22.55
10:03:07 AM, 97.01, 163.9994, 0.6696, 55, 22.36
10:03:08 AM, 97.01, 163.9994, 0.7087, 55, 22.16
10:03:09 AM, 97.01, 163.2003, 0.7038, 55, 22.16
10:03:10 AM, 97.01, 163.9994, 0.7331, 51, 22.55
10:03:11 AM, 97.01, 163.9994, 0.7087, 51, 22.16
10:03:12 AM, 97.20, 164.5986, 0.7087, 55, 21.58
10:03:13 AM, 97.20, 164.5986, 0.6598, 55, 22.36
10:03:14 AM, 97.39, 164.3989, 0.6940, 51, 22.55
10:03:15 AM, 97.59, 163.7996, 0.6794, 55, 21.77
10:03:16 AM, 97.59, 164.5986, 0.6549, 55, 21.97
10:03:17 AM, 97.39, 164.5986, 0.6500, 51, 22.36
10:03:18 AM, 97.59, 164.5986, 0.6696, 55, 21.58
10:03:19 AM, 97.59, 163.9994, 0.6549, 55, 22.16
10:03:20 AM, 97.59, 166.7959, 0.6598, 51, 27.41
10:03:21 AM, 97.20, 164.5986, 0.6403, 55, 22.36
10:03:22 AM, 97.20, 164.3989, 0.6794, 51, 21.97
10:03:23 AM, 97.39, 164.1991, 0.6891, 55, 21.58
10:03:24 AM, 97.59, 164.7984, 0.6647, 51, 22.55
10:03:25 AM, 97.59, 164.3989, 0.6696, 55, 21.97
10:03:26 AM, 97.59, 164.5986, 0.6696, 55, 21.97
10:03:27 AM, 97.59, 164.7984, 0.6696, 55, 21.97
10:03:28 AM, 97.59, 164.3989, 0.6647, 55, 22.55
10:03:29 AM, 97.39, 164.5986, 0.6598, 55, 21.58
10:03:30 AM, 97.39, 164.1991, 0.6794, 55, 21.97
10:03:31 AM, 97.39, 164.3989, 0.6598, 55, 22.36
10:03:32 AM, 97.59, 164.5986, 0.6500, 55, 22.55
10:03:33 AM, 97.39, 164.5986, 0.6598, 55, 21.97
10:03:34 AM, 97.01, 164.5986, 0.6696, 55, 22.16
10:03:35 AM, 97.01, 163.9994, 0.7087, 51, 22.36
10:03:36 AM, 97.20, 163.7996, 0.7185, 55, 22.16
10:03:37 AM, 97.39, 164.1991, 0.6891, 51, 22.16
10:03:38 AM, 97.39, 166.5962, 0.6843, 55, 21.97
10:03:39 AM, 97.39, 164.5986, 0.6696, 51, 22.16
10:03:40 AM, 97.20, 164.9981, 0.6745, 55, 22.74
10:03:41 AM, 97.39, 164.1991, 0.7038, 55, 20.02
10:03:42 AM, 97.59, 164.3989, 0.6696, 55, 21.00
10:03:43 AM, 97.59, 164.7984, 0.6598, 55, 21.77
10:03:44 AM, 97.59, 164.9981, 0.6305, 55, 22.16
10:03:45 AM, 97.39, 164.7984, 0.6598, 55, 21.97
10:03:46 AM, 97.01, 164.5986, 0.6647, 55, 22.16
10:03:47 AM, 97.01, 163.9994, 0.7087, 55, 22.36
10:03:48 AM, 97.01, 163.9994, 0.6843, 55, 23.33
10:03:49 AM, 97.01, 163.9994, 0.7087, 51, 22.36
10:03:50 AM, 97.01, 164.1991, 0.7038, 55, 21.97
10:03:51 AM, 97.01, 163.9994, 0.6843, 55, 22.16
10:03:52 AM, 97.20, 164.1991, 0.6891, 51, 22.55
10:03:53 AM, 97.39, 164.3989, 0.6696, 51, 22.36
10:03:54 AM, 97.59, 164.5986, 0.6696, 51, 21.77
10:03:55 AM, 97.20, 164.7984, 0.6696, 55, 22.16
10:03:56 AM, 96.81, 164.5986, 0.6891, 55, 22.74
10:03:57 AM, 96.62, 163.7996, 0.7283, 55, 21.97
10:03:58 AM, 96.81, 163.5999, 0.7283, 55, 22.74
10:03:59 AM, 96.81, 163.2003, 0.7234, 55, 22.55
10:04:00 AM, 97.01, 163.9994, 0.7185, 55, 22.16
10:04:01 AM, 97.01, 163.9994, 0.6745, 51, 22.36
10:04:02 AM, 96.81, 163.9994, 0.6696, 55, 22.16
10:04:03 AM, 96.81, 163.9994, 0.7234, 51, 22.74
10:04:04 AM, 97.01, 163.7996, 0.7087, 55, 22.55
10:04:05 AM, 97.20, 164.1991, 0.7185, 55, 22.16
10:04:06 AM, 97.20, 164.3989, 0.6647, 55, 22.36
10:04:07 AM, 97.01, 164.3989, 0.6745, 55, 22.74
10:04:08 AM, 97.01, 164.1991, 0.7136, 55, 22.74
10:04:09 AM, 97.01, 163.9994, 0.6843, 55, 22.16
10:04:10 AM, 97.01, 163.9994, 0.7087, 55, 21.97
10:04:11 AM, 97.01, 163.9994, 0.7087, 55, 22.55
10:04:12 AM, 97.01, 163.7996, 0.6843, 55, 21.97
10:04:13 AM, 97.01, 163.7996, 0.6940, 55, 22.74
10:04:14 AM, 97.01, 163.7996, 0.7038, 51, 21.97
10:04:15 AM, 97.01, 163.7996, 0.6989, 51, 23.13
10:04:16 AM, 96.81, 163.7996, 0.7087, 55, 22.36
10:04:17 AM, 97.01, 163.7996, 0.7283, 55, 22.16
10:04:18 AM, 97.20, 163.9994, 0.7038, 55, 22.16
10:04:19 AM, 97.01, 164.3989, 0.6891, 55, 22.55
10:04:20 AM, 97.20, 164.5986, 0.7038, 55, 21.19
10:04:21 AM, 97.39, 164.3989, 0.6696, 55, 22.36
10:04:22 AM, 97.39, 164.3989, 0.6745, 55, 22.55
10:04:23 AM, 97.39, 164.5986, 0.6647, 51, 22.16
10:04:24 AM, 97.01, 163.9994, 0.6794, 55, 21.97
10:04:25 AM, 97.01, 163.7996, 0.6891, 55, 21.97
10:04:26 AM, 97.01, 163.9994, 0.6891, 55, 22.16
10:04:27 AM, 97.01, 163.9994, 0.7185, 55, 21.97
10:04:28 AM, 97.01, 163.9994, 0.6940, 51, 22.36
10:04:29 AM, 96.81, 163.7996, 0.6989, 55, 21.77
10:04:30 AM, 96.62, 163.7996, 0.7283, 55, 22.16
10:04:31 AM, 97.01, 163.7996, 0.7087, 51, 22.16
10:04:32 AM, 97.20, 163.7996, 0.7038, 51, 21.97
10:04:33 AM, 97.20, 164.3989, 0.6940, 55, 22.16
10:04:34 AM, 97.01, 164.3989, 0.6940, 55, 22.16
10:04:35 AM, 97.01, 163.9994, 0.7087, 55, 22.16
10:04:36 AM, 97.01, 163.9994, 0.7136, 55, 22.74
10:04:37 AM, 96.81, 163.9994, 0.7136, 55, 22.36
10:04:38 AM, 97.20, 163.7996, 0.7087, 55, 22.36
10:04:39 AM, 97.39, 164.3989, 0.6647, 55, 22.55
10:04:40 AM, 97.59, 163.9994, 0.6794, 51, 21.77
10:04:41 AM, 97.78, 164.5986, 0.6696, 51, 21.58
10:04:42 AM, 97.39, 164.9981, 0.6452, 51, 22.36
10:04:43 AM, 97.39, 164.3989, 0.6794, 55, 22.74
10:04:44 AM, 97.39, 164.3989, 0.6794, 55, 21.77
10:04:45 AM, 97.59, 164.1991, 0.6745, 55, 22.94
10:04:46 AM, 97.78, 164.7984, 0.6354, 55, 22.36
10:04:47 AM, 97.59, 164.7984, 0.6256, 55, 22.55
10:04:48 AM, 97.39, 165.3977, 0.6598, 55, 22.16
10:04:49 AM, 97.20, 164.3989, 0.6745, 55, 21.97
10:04:50 AM, 97.39, 164.1991, 0.6940, 55, 21.77
10:04:51 AM, 97.59, 164.5986, 0.6745, 51, 22.55
10:04:52 AM, 97.59, 164.7984, 0.6305, 55, 22.55
10:04:53 AM, 97.20, 164.5986, 0.6745, 51, 21.77
10:04:54 AM, 97.01, 163.5999, 0.6794, 51, 22.55
10:04:55 AM, 97.20, 163.7996, 0.6891, 55, 22.16
10:04:56 AM, 97.39, 164.1991, 0.6647, 55, 21.97
10:04:57 AM, 97.39, 166.1967, 0.6696, 55, 22.36
10:04:58 AM, 97.59, 164.3989, 0.6647, 51, 27.99
10:04:59 AM, 97.59, 164.7984, 0.6305, 55, 21.58
10:05:00 AM, 97.39, 164.1991, 0.6549, 55, 22.36
10:05:01 AM, 97.59, 164.1991, 0.6843, 55, 21.97
10:05:02 AM, 97.78, 164.5986, 0.6647, 55, 22.16
10:05:03 AM, 97.78, 164.7984, 0.6061, 51, 22.16
10:05:04 AM, 97.59, 164.9981, 0.6354, 55, 22.16
10:05:05 AM, 97.39, 164.5986, 0.6647, 51, 22.94
10:05:06 AM, 97.39, 163.7996, 0.6647, 55, 22.55
10:05:07 AM, 97.59, 164.5986, 0.6452, 55, 22.36
10:05:08 AM, 97.39, 164.5986, 0.6549, 55, 21.77
10:05:09 AM, 97.20, 164.3989, 0.6696, 55, 22.36
10:05:10 AM, 97.39, 163.9994, 0.6891, 51, 21.77
10:05:11 AM, 97.39, 164.5986, 0.6647, 55, 22.16
10:05:12 AM, 97.59, 164.5986, 0.6794, 51, 22.16
10:05:13 AM, 97.59, 164.5986, 0.6598, 55, 22.36
10:05:14 AM, 97.39, 164.5986, 0.6598, 55, 22.36
10:05:15 AM, 97.39, 164.5986, 0.6500, 55, 22.55
10:05:16 AM, 97.59, 164.3989, 0.6696, 55, 22.74
10:05:17 AM, 97.59, 164.1991, 0.6647, 55, 21.58
10:05:18 AM, 97.20, 164.3989, 0.6452, 51, 23.13
10:05:19 AM, 96.81, 164.3989, 0.6794, 55, 21.97
10:05:20 AM, 96.81, 163.9994, 0.7136, 51, 21.77
10:05:21 AM, 96.81, 163.7996, 0.7136, 55, 21.97
10:05:22 AM, 96.81, 164.5986, 0.7185, 55, 21.00
10:05:23 AM, 97.01, 163.9994, 0.7185, 55, 21.97
10:05:24 AM, 96.81, 163.9994, 0.7185, 55, 21.77
10:05:25 AM, 97.01, 163.7996, 0.7331, 55, 22.55
10:05:26 AM, 97.01, 164.1991, 0.6843, 55, 22.55
10:05:27 AM, 97.01, 164.1991, 0.6843, 55, 22.74
10:05:28 AM, 97.01, 163.9994, 0.7087, 55, 22.16
10:05:29 AM, 96.81, 163.9994, 0.6891, 55, 22.55
10:05:30 AM, 96.62, 163.4001, 0.7429, 55, 22.16
10:05:31 AM, 96.81, 163.4001, 0.7527, 55, 22.74
10:05:32 AM, 97.01, 163.5999, 0.7087, 51, 22.36
10:05:33 AM, 97.01, 163.7996, 0.7185, 51, 22.36
10:05:34 AM, 97.01, 164.1991, 0.6940, 55, 21.97
10:05:35 AM, 97.01, 163.7996, 0.7136, 55, 22.16
10:05:36 AM, 97.01, 163.7996, 0.7087, 51, 21.97
10:05:37 AM, 96.62, 163.5999, 0.7234, 51, 22.16
10:05:38 AM, 96.81, 163.4001, 0.7234, 51, 22.55
10:05:39 AM, 97.01, 164.7984, 0.6989, 51, 21.19
10:05:40 AM, 97.20, 163.7996, 0.7038, 55, 22.74
10:05:41 AM, 97.39, 164.1991, 0.6940, 55, 21.58
10:05:42 AM, 97.59, 164.5986, 0.6745, 55, 22.36
10:05:43 AM, 97.59, 164.5986, 0.6500, 55, 22.36
10:05:44 AM, 97.20, 164.1991, 0.6647, 51, 22.36
10:05:45 AM, 97.01, 163.9994, 0.7087, 55, 22.74
10:05:46 AM, 97.01, 163.7996, 0.7087, 55, 21.97
10:05:47 AM, 97.20, 163.9994, 0.6843, 55, 22.55
10:05:48 AM, 97.20, 164.3989, 0.6500, 55, 22.55
10:05:49 AM, 97.01, 164.1991, 0.6843, 51, 22.36
10:05:50 AM, 97.20, 164.1991, 0.7185, 55, 22.74
10:05:51 AM, 97.20, 164.1991, 0.6891, 55, 20.80
10:05:52 AM, 97.39, 164.5986, 0.6745, 55, 21.38
10:05:53 AM, 97.20, 164.3989, 0.6843, 55, 21.77
10:05:54 AM, 97.01, 164.3989, 0.6891, 55, 22.16
10:05:55 AM, 97.20, 163.9994, 0.6843, 55, 22.74
10:05:56 AM, 97.39, 164.1991, 0.6843, 55, 21.58
10:05:57 AM, 97.39, 164.3989, 0.6696, 55, 22.36
10:05:58 AM, 97.39, 164.5986, 0.6696, 55, 22.16
10:05:59 AM, 97.01, 164.1991, 0.6500, 55, 22.36
10:06:00 AM, 97.39, 164.3989, 0.6598, 55, 22.36
10:06:01 AM, 97.59, 164.5986, 0.6647, 55, 21.97
10:06:02 AM, 97.39, 164.5986, 0.6598, 55, 22.16
10:06:03 AM, 97.01, 164.7984, 0.6500, 55, 22.36
10:06:04 AM, 97.01, 164.1991, 0.6843, 55, 25.66
10:06:05 AM, 97.01, 163.9994, 0.7087, 55, 22.94
10:06:06 AM, 97.20, 163.7996, 0.7185, 55, 22.16
10:06:07 AM, 97.59, 164.5986, 0.6794, 55, 22.74
10:06:08 AM, 97.39, 164.9981, 0.6598, 55, 22.16
10:06:09 AM, 97.01, 164.5986, 0.6500, 55, 21.97
10:06:10 AM, 97.20, 164.1991, 0.7087, 55, 22.55
10:06:11 AM, 97.39, 164.3989, 0.6843, 55, 22.55
10:06:12 AM, 97.39, 164.3989, 0.6549, 55, 21.77
10:06:13 AM, 97.39, 164.5986, 0.6696, 51, 21.77
10:06:14 AM, 97.20, 163.9994, 0.6989, 55, 22.74
10:06:15 AM, 97.39, 164.5986, 0.6940, 55, 22.36
10:06:16 AM, 97.39, 164.5986, 0.6207, 55, 22.16
10:06:17 AM, 97.59, 164.5986, 0.6745, 51, 21.97
10:06:18 AM, 97.59, 164.5986, 0.6452, 51, 21.97
10:06:19 AM, 97.39, 164.7984, 0.6647, 55, 22.55
10:06:20 AM, 97.01, 164.5986, 0.6745, 55, 21.38
10:06:21 AM, 97.01, 164.1991, 0.7087, 55, 21.77
10:06:22 AM, 97.39, 164.1991, 0.6745, 55, 22.16
10:06:23 AM, 97.39, 164.5986, 0.6647, 55, 22.74
10:06:24 AM, 97.39, 164.3989, 0.6647, 51, 22.16
10:06:25 AM, 97.39, 164.5986, 0.6745, 51, 22.36
10:06:26 AM, 97.01, 164.5986, 0.6696, 55, 23.33
10:06:27 AM, 97.20, 163.7996, 0.7185, 55, 22.36
10:06:28 AM, 97.39, 164.3989, 0.6891, 51, 21.77
10:06:29 AM, 97.59, 164.5986, 0.6598, 55, 21.58
10:06:30 AM, 97.39, 164.7984, 0.6549, 55, 21.77
10:06:31 AM, 97.20, 164.3989, 0.6745, 55, 22.94
10:06:32 AM, 97.20, 164.1991, 0.6891, 55, 21.77
10:06:33 AM, 97.39, 164.1991, 0.6891, 55, 21.97
10:06:34 AM, 97.39, 164.3989, 0.6696, 55, 21.58
10:06:35 AM, 97.59, 164.5986, 0.6745, 55, 21.77
10:06:36 AM, 97.39, 164.5986, 0.6305, 55, 21.77
10:06:37 AM, 97.20, 164.1991, 0.6891, 51, 21.97
10:06:38 AM, 97.39, 164.1991, 0.6647, 55, 22.55
10:06:39 AM, 97.59, 164.5986, 0.6794, 55, 21.77
10:06:40 AM, 97.39, 164.5986, 0.6647, 55, 21.97
10:06:41 AM, 97.01, 164.7984, 0.6500, 55, 21.97
10:06:42 AM, 97.01, 163.7996, 0.7185, 55, 22.94
10:06:43 AM, 96.81, 163.9994, 0.7234, 55, 22.16
10:06:44 AM, 97.01, 163.7996, 0.7283, 55, 22.16
10:06:45 AM, 97.01, 163.9994, 0.6940, 51, 22.36
10:06:46 AM, 97.01, 163.9994, 0.7087, 55, 21.38
10:06:47 AM, 97.20, 163.7996, 0.7478, 51, 22.55
10:06:48 AM, 97.20, 164.1991, 0.6891, 55, 22.36
10:06:49 AM, 97.01, 164.5986, 0.6647, 51, 21.58
10:06:50 AM, 97.01, 163.9994, 0.6989, 55, 21.97
10:06:51 AM, 97.01, 163.7996, 0.7087, 55, 22.55
10:06:52 AM, 97.01, 163.9994, 0.6794, 55, 21.97
10:06:53 AM, 97.01, 163.9994, 0.6794, 55, 22.16
10:06:54 AM, 96.81, 163.9994, 0.7087, 55, 22.16
10:06:55 AM, 97.01, 163.9994, 0.7136, 55, 23.33
10:06:56 AM, 97.01, 163.9994, 0.7087, 55, 21.97
10:06:57 AM, 97.01, 163.9994, 0.7967, 55, 21.77
10:06:58 AM, 97.01, 163.5999, 0.7185, 55, 22.16
10:06:59 AM, 96.62, 163.2003, 0.6989, 51, 22.55
10:07:00 AM, 96.42, 163.4001, 0.7478, 51, 22.36
10:07:01 AM, 96.62, 163.4001, 0.7429, 55, 21.97
10:07:02 AM, 96.81, 163.5999, 0.7283, 51, 22.36
10:07:03 AM, 97.01, 163.7996, 0.7674, 51, 21.97
10:07:04 AM, 97.01, 164.1991, 0.6696, 51, 22.36
10:07:05 AM, 97.01, 163.9994, 0.7185, 55, 22.16
10:07:06 AM, 97.01, 163.9994, 0.7234, 55, 21.38
10:07:07 AM, 97.20, 164.1991, 0.6843, 55, 20.22
10:07:08 AM, 97.39, 164.3989, 0.6403, 55, 33.44
10:07:09 AM, 97.59, 164.5986, 0.6891, 55, 22.36
10:07:10 AM, 97.78, 164.7984, 0.6354, 51, 22.36
10:07:11 AM, 97.78, 164.7984, 0.6452, 51, 22.36
10:07:12 AM, 97.59, 164.9981, 0.6305, 51, 22.36
10:07:13 AM, 97.59, 164.5986, 0.6598, 51, 21.58
10:07:14 AM, 97.59, 164.7984, 0.6500, 55, 18.47
10:07:15 AM, 97.39, 164.7984, 0.6305, 55, 22.36
10:07:16 AM, 97.20, 164.3989, 0.6696, 55, 21.97
10:07:17 AM, 97.39, 165.3977, 0.6843, 55, 21.58
10:07:18 AM, 97.59, 164.3989, 0.6696, 55, 22.74
10:07:19 AM, 97.59, 164.7984, 0.6598, 55, 22.55
10:07:20 AM, 97.20, 165.3977, 0.6452, 55, 21.97
10:07:21 AM, 97.39, 164.1991, 0.6794, 55, 22.36
10:07:22 AM, 97.59, 164.5986, 0.6794, 55, 22.36
10:07:23 AM, 97.78, 164.7984, 0.6500, 51, 22.55
10:07:24 AM, 97.39, 164.9981, 0.6354, 51, 22.36
10:07:25 AM, 97.01, 164.7984, 0.6647, 55, 22.16
10:07:26 AM, 96.81, 163.9994, 0.7087, 55, 22.16
10:07:27 AM, 97.01, 163.7996, 0.7283, 55, 22.36
10:07:28 AM, 97.01, 163.7996, 0.7136, 55, 21.58
10:07:29 AM, 97.01, 163.9994, 0.7136, 55, 21.77
10:07:30 AM, 97.01, 163.9994, 0.7185, 55, 22.16
10:07:31 AM, 97.01, 163.9994, 0.6696, 55, 22.36
10:07:32 AM, 97.01, 163.7996, 0.7429, 51, 22.55
10:07:33 AM, 97.01, 164.5986, 0.7087, 55, 21.38
10:07:34 AM, 97.01, 163.9994, 0.6891, 55, 21.58
10:07:35 AM, 97.20, 163.9994, 0.6891, 55, 22.55
10:07:36 AM, 97.59, 164.3989, 0.6891, 51, 21.58
10:07:37 AM, 97.78, 166.1967, 0.6598, 55, 22.36
10:07:38 AM, 97.59, 164.9981, 0.6403, 55, 21.97
10:07:39 AM, 97.39, 164.5986, 0.6354, 55, 21.58
10:07:40 AM, 97.39, 164.1991, 0.6794, 51, 21.97
10:07:41 AM, 97.59, 164.3989, 0.6403, 51, 22.36
10:07:42 AM, 97.59, 164.5986, 0.6647, 55, 21.97
10:07:43 AM, 97.59, 164.5986, 0.6598, 55, 22.16
10:07:44 AM, 97.59, 164.5986, 0.6549, 55, 22.16
10:07:45 AM, 97.59, 164.7984, 0.6647, 55, 21.97
10:07:46 AM, 97.59, 164.3989, 0.6305, 51, 22.74
10:07:47 AM, 97.39, 164.7984, 0.6305, 51, 22.16
10:07:48 AM, 97.20, 164.5986, 0.6696, 55, 21.77
10:07:49 AM, 97.01, 166.1967, 0.6794, 55, 22.55
10:07:50 AM, 97.01, 163.9994, 0.6647, 55, 21.58
10:07:51 AM, 97.20, 163.9994, 0.6989, 55, 23.33
10:07:52 AM, 97.39, 164.1991, 0.6940, 51, 22.36
10:07:53 AM, 97.39, 164.5986, 0.6549, 51, 22.94
10:07:54 AM, 97.01, 164.1991, 0.6794, 51, 24.11
10:07:55 AM, 97.01, 163.7996, 0.7136, 55, 22.55
10:07:56 AM, 97.20, 163.9994, 0.6940, 55, 22.74
10:07:57 AM, 97.01, 163.5999, 0.6843, 51, 21.97
10:07:58 AM, 97.01, 163.9994, 0.6647, 55, 22.36
10:07:59 AM, 97.01, 163.9994, 0.6843, 55, 22.55
10:08:00 AM, 97.01, 163.7996, 0.7087, 55, 22.36
10:08:01 AM, 97.01, 163.7996, 0.7038, 55, 22.16
10:08:02 AM, 96.81, 165.9969, 0.7038, 55, 22.16
10:08:03 AM, 96.81, 163.7996, 0.7185, 55, 22.36
10:08:04 AM, 97.01, 163.2003, 0.7038, 55, 22.36
10:08:05 AM, 97.20, 164.3989, 0.6891, 51, 22.55
10:08:06 AM, 97.20, 164.1991, 0.6891, 51, 22.36
10:08:07 AM, 97.20, 164.1991, 0.6794, 55, 22.36
10:08:08 AM, 97.01, 164.3989, 0.6843, 51, 22.74
10:08:09 AM, 97.01, 163.7996, 0.7136, 55, 22.36
10:08:10 AM, 97.20, 163.0006, 0.7136, 51, 22.36
10:08:11 AM, 97.20, 163.9994, 0.6696, 55, 22.55
10:08:12 AM, 97.20, 164.3989, 0.6452, 55, 22.55
10:08:13 AM, 97.01, 163.9994, 0.6989, 55, 22.55
10:08:14 AM, 97.01, 163.5999, 0.7038, 55, 22.55
10:08:15 AM, 97.20, 163.7996, 0.7136, 55, 22.55
10:08:16 AM, 97.39, 163.9994, 0.6891, 51, 22.16
10:08:17 AM, 97.20, 164.5986, 0.6745, 55, 22.36
10:08:18 AM, 96.81, 164.1991, 0.6940, 55, 22.55
10:08:19 AM, 97.01, 163.7996, 0.7283, 51, 21.19
10:08:20 AM, 97.39, 164.5986, 0.6843, 55, 21.97
10:08:21 AM, 97.39, 164.5986, 0.6696, 55, 21.77
10:08:22 AM, 97.39, 164.3989, 0.6696, 55, 22.55
10:08:23 AM, 97.01, 164.3989, 0.7674, 55, 22.16
10:08:24 AM, 97.20, 163.9994, 0.6940, 55, 22.16
10:08:25 AM, 97.39, 164.3989, 0.6891, 55, 22.55
10:08:26 AM, 97.20, 164.5986, 0.6843, 55, 21.77
10:08:27 AM, 96.81, 163.7996, 0.7038, 55, 21.97
10:08:28 AM, 97.01, 163.7996, 0.6989, 55, 22.55
10:08:29 AM, 97.20, 163.4001, 0.7087, 55, 22.36
10:08:30 AM, 97.39, 164.1991, 0.6891, 51, 22.36
10:08:31 AM, 97.39, 164.5986, 0.6696, 51, 23.91
10:08:32 AM, 97.59, 163.9994, 0.6794, 55, 23.91
10:08:33 AM, 97.59, 164.1991, 0.6647, 55, 22.55
10:08:34 AM, 97.59, 164.3989, 0.6647, 51, 22.55
10:08:35 AM, 97.59, 164.7984, 0.6696, 55, 21.77
10:08:36 AM, 97.59, 164.5986, 0.6354, 55, 20.22
10:08:37 AM, 97.20, 164.5986, 0.6500, 55, 22.94
10:08:38 AM, 97.39, 164.1991, 0.6843, 55, 22.74
10:08:39 AM, 97.39, 164.3989, 0.6696, 55, 22.74
10:08:40 AM, 97.59, 164.3989, 0.6549, 55, 22.16
10:08:41 AM, 97.59, 164.3989, 0.6598, 55, 22.16
10:08:42 AM, 97.39, 164.5986, 0.6647, 51, 21.38
10:08:43 AM, 97.39, 164.3989, 0.6696, 55, 22.16
10:08:44 AM, 97.59, 164.1991, 0.6696, 51, 21.58
10:08:45 AM, 97.59, 164.3989, 0.6696, 51, 22.55
10:08:46 AM, 97.20, 164.5986, 0.6549, 55, 21.97
10:08:47 AM, 96.81, 163.9994, 0.6891, 55, 22.16
10:08:48 AM, 97.01, 164.7984, 0.7283, 55, 21.97
10:08:49 AM, 97.20, 163.7996, 0.7087, 55, 22.36
10:08:50 AM, 97.59, 164.1991, 0.6794, 55, 22.36
10:08:51 AM, 97.59, 163.9994, 0.6696, 55, 22.16
10:08:52 AM, 97.59, 164.5986, 0.6598, 55, 21.58
10:08:53 AM, 97.59, 164.7984, 0.6500, 55, 22.55
10:08:54 AM, 97.39, 164.5986, 0.6696, 55, 22.16
10:08:55 AM, 97.59, 163.9994, 0.6598, 51, 21.97
10:08:56 AM, 97.59, 164.5986, 0.6305, 55, 22.16
10:08:57 AM, 97.39, 164.1991, 0.6794, 55, 22.16
10:08:58 AM, 97.39, 163.9994, 0.6403, 55, 22.55
10:08:59 AM, 97.59, 164.3989, 0.6452, 55, 28.19
10:09:00 AM, 97.59, 164.7984, 0.6500, 51, 27.60
10:09:01 AM, 97.78, 164.5986, 0.6403, 55, 22.94
10:09:02 AM, 97.78, 164.9981, 0.6256, 55, 22.74
10:09:03 AM, 97.78, 164.5986, 0.6403, 55, 21.97
10:09:04 AM, 97.78, 164.9981, 0.6403, 55, 21.97
10:09:05 AM, 97.78, 165.1979, 0.6109, 55, 22.36
10:09:06 AM, 97.59, 164.3989, 0.6452, 51, 21.97
10:09:07 AM, 97.20, 164.1991, 0.6696, 55, 22.36
10:09:08 AM, 96.81, 163.9994, 0.6647, 55, 21.97
10:09:09 AM, 96.62, 163.5999, 0.7185, 55, 22.74
10:09:10 AM, 96.81, 163.4001, 0.7380, 55, 22.36
10:09:11 AM, 96.81, 163.4001, 0.7185, 55, 22.16
10:09:12 AM, 97.01, 163.7996, 0.6843, 51, 21.58
10:09:13 AM, 97.01, 163.9994, 0.7087, 51, 21.97
10:09:14 AM, 97.01, 163.7996, 0.7087, 51, 22.55
10:09:15 AM, 97.01, 163.7996, 0.7136, 55, 22.55
10:09:16 AM, 96.81, 163.5999, 0.7087, 51, 22.36
10:09:17 AM, 97.01, 163.4001, 0.7283, 55, 22.74
10:09:18 AM, 97.20, 163.7996, 0.7087, 51, 22.55
10:09:19 AM, 97.39, 164.1991, 0.6696, 55, 22.36
10:09:20 AM, 97.59, 164.3989, 0.6500, 55, 21.97
10:09:21 AM, 97.39, 164.3989, 0.6305, 51, 22.55
10:09:22 AM, 97.20, 164.3989, 0.6843, 55, 22.74
10:09:23 AM, 97.01, 164.1991, 0.6696, 55, 21.58
10:09:24 AM, 97.01, 163.2003, 0.6891, 55, 21.97
10:09:25 AM, 97.01, 163.7996, 0.7087, 55, 22.55
10:09:26 AM, 97.01, 163.5999, 0.7185, 55, 21.97
10:09:27 AM, 97.01, 163.7996, 0.7185, 51, 22.36
10:09:28 AM, 96.81, 163.7996, 0.7185, 55, 22.36
10:09:29 AM, 96.62, 163.4001, 0.7234, 55, 22.16
10:09:30 AM, 96.42, 163.2003, 0.7478, 55, 22.36
10:09:31 AM, 96.62, 163.0006, 0.7380, 55, 21.97
10:09:32 AM, 96.81, 163.2003, 0.7283, 55, 22.36
10:09:33 AM, 97.01, 163.5999, 0.7234, 55, 21.58
10:09:34 AM, 97.01, 163.7996, 0.7185, 55, 22.74
10:09:35 AM, 97.01, 163.7996, 0.6989, 55, 22.55
10:09:36 AM, 96.81, 163.4001, 0.6891, 55, 21.97
10:09:37 AM, 96.62, 163.5999, 0.6989, 55, 22.55
10:09:38 AM, 96.42, 163.0006, 0.7527, 51, 21.97
10:09:39 AM, 96.62, 163.0006, 0.7429, 51, 22.55
10:09:40 AM, 96.81, 163.7996, 0.7331, 51, 21.58
10:09:41 AM, 97.01, 163.7996, 0.6843, 55, 21.97
10:09:42 AM, 97.20, 163.4001, 0.7087, 55, 21.77
10:09:43 AM, 97.20, 163.9994, 0.6891, 55, 22.55
10:09:44 AM, 97.01, 163.7996, 0.6794, 55, 22.16
10:09:45 AM, 97.01, 163.5999, 0.6794, 55, 22.36
10:09:46 AM, 97.01, 163.7996, 0.7136, 51, 22.55
10:09:47 AM, 97.20, 163.5999, 0.6940, 55, 21.97
10:09:48 AM, 97.39, 164.1991, 0.6794, 55, 22.36
10:09:49 AM, 97.01, 163.9994, 0.6500, 55, 22.55
10:09:50 AM, 97.01, 163.7996, 0.6989, 55, 22.55
10:09:51 AM, 97.20, 163.7996, 0.6989, 55, 21.97
10:09:52 AM, 97.20, 164.1991, 0.6891, 55, 21.97
10:09:53 AM, 97.39, 163.7996, 0.6940, 55, 21.97
10:09:54 AM, 97.20, 164.3989, 0.6549, 55, 21.58
10:09:55 AM, 97.01, 164.1991, 0.6891, 55, 21.38
10:09:56 AM, 97.39, 163.9994, 0.6891, 55, 22.36
10:09:57 AM, 97.59, 163.9994, 0.6500, 51, 22.55
10:09:58 AM, 97.59, 164.5986, 0.6354, 55, 21.77
10:09:59 AM, 97.20, 164.5986, 0.6354, 51, 22.74
10:10:00 AM, 97.01, 163.9994, 0.6696, 51, 22.36
10:10:01 AM, 97.01, 163.7996, 0.7038, 55, 21.58
10:10:02 AM, 97.20, 163.7996, 0.7087, 55, 21.77
10:10:03 AM, 97.20, 163.9994, 0.6647, 55, 22.16
10:10:04 AM, 97.20, 163.7996, 0.6891, 55, 22.55
10:10:05 AM, 97.20, 163.9994, 0.7380, 51, 22.55
10:10:06 AM, 97.20, 164.1991, 0.6647, 51, 22.55
10:10:07 AM, 97.20, 164.1991, 0.6843, 51, 19.44
10:10:08 AM, 96.81, 163.9994, 0.6794, 55, 22.16
10:10:09 AM, 96.81, 163.4001, 0.6989, 51, 22.74
10:10:10 AM, 97.01, 166.7959, 0.6989, 51, 22.55
10:10:11 AM, 97.20, 163.7996, 0.7087, 51, 21.77
10:10:12 AM, 97.20, 163.9994, 0.6794, 55, 22.36
10:10:13 AM, 97.20, 163.5999, 0.6794, 55, 21.77
10:10:14 AM, 97.01, 163.7996, 0.6843, 51, 22.16
10:10:15 AM, 97.01, 163.9994, 0.7087, 51, 22.36
10:10:16 AM, 97.20, 163.7996, 0.7478, 55, 22.55
10:10:17 AM, 97.39, 164.1991, 0.6598, 55, 21.97
10:10:18 AM, 97.01, 163.9994, 0.6745, 55, 22.16
10:10:19 AM, 97.20, 163.9994, 0.6843, 51, 21.97
10:10:20 AM, 97.39, 163.9994, 0.6843, 55, 22.16
10:10:21 AM, 97.59, 164.3989, 0.6549, 55, 22.94
10:10:22 AM, 97.59, 164.5986, 0.6354, 55, 21.97
10:10:23 AM, 97.59, 163.9994, 0.6452, 51, 22.74
10:10:24 AM, 97.39, 164.3989, 0.6696, 51, 22.55
10:10:25 AM, 97.39, 164.1991, 0.6696, 55, 21.58
10:10:26 AM, 97.59, 164.7984, 0.6598, 55, 22.16
10:10:27 AM, 97.78, 164.3989, 0.6305, 55, 22.94
10:10:28 AM, 97.78, 164.7984, 0.6061, 51, 22.36
10:10:29 AM, 97.78, 164.3989, 0.6354, 55, 22.36
10:10:30 AM, 97.39, 164.9981, 0.6305, 55, 21.77
10:10:31 AM, 97.20, 164.3989, 0.6403, 55, 22.16
10:10:32 AM, 97.39, 164.1991, 0.6794, 55, 22.55
10:10:33 AM, 97.59, 164.3989, 0.6500, 55, 21.97
10:10:34 AM, 97.59, 163.7996, 0.6647, 55, 22.16
10:10:35 AM, 97.20, 165.5974, 0.6598, 55, 22.36
10:10:36 AM, 97.20, 163.9994, 0.6891, 55, 21.97
10:10:37 AM, 97.39, 164.1991, 0.6891, 55, 22.36
10:10:38 AM, 97.39, 164.1991, 0.6598, 51, 21.58
10:10:39 AM, 97.59, 164.1991, 0.6794, 55, 22.74
10:10:40 AM, 97.20, 164.3989, 0.6598, 51, 21.58
10:10:41 AM, 97.01, 163.9994, 0.6745, 55, 21.97
10:10:42 AM, 97.20, 163.7996, 0.7087, 55, 22.55
10:10:43 AM, 97.39, 163.5999, 0.6745, 51, 21.38
10:10:44 AM, 97.39, 164.1991, 0.6696, 55, 21.58
10:10:45 AM, 97.39, 164.1991, 0.6989, 55, 22.55
10:10:46 AM, 97.20, 166.1967, 0.6647, 55, 22.16
10:10:47 AM, 97.20, 163.9994, 0.6647, 55, 21.58
10:10:48 AM, 97.39, 163.9994, 0.6940, 55, 21.97
10:10:49 AM, 97.59, 164.1991, 0.6745, 55, 21.97
10:10:50 AM, 97.59, 167.3952, 0.6598, 55, 22.36
10:10:51 AM, 97.20, 164.3989, 0.6549, 55, 21.97
10:10:52 AM, 96.81, 163.9994, 0.6891, 55, 21.77
10:10:53 AM, 97.01, 163.4001, 0.7234, 55, 21.97
10:10:54 AM, 97.20, 163.0006, 0.6989, 55, 22.16
10:10:55 AM, 97.59, 163.9994, 0.6745, 51, 21.97
10:10:56 AM, 97.59, 164.5986, 0.6647, 55, 21.77
10:10:57 AM, 97.59, 164.5986, 0.6598, 55, 22.16
10:10:58 AM, 97.20, 164.3989, 0.6403, 51, 22.16
10:10:59 AM, 97.01, 163.7996, 0.6843, 55, 22.16
10:11:00 AM, 97.20, 163.7996, 0.6843, 51, 22.16
10:11:01 AM, 97.39, 163.9994, 0.6843, 55, 22.55
10:11:02 AM, 97.39, 164.5986, 0.6696, 51, 22.74
10:11:03 AM, 97.39, 164.1991, 0.6647, 51, 20.80
10:11:04 AM, 97.20, 163.9994, 0.6696, 51, 21.97
10:11:05 AM, 97.01, 163.9994, 0.6891, 51, 22.55
10:11:06 AM, 97.01, 163.7996, 0.7087, 51, 22.16
10:11:07 AM, 97.01, 163.4001, 0.7331, 55, 21.58
10:11:08 AM, 97.01, 163.5999, 0.7087, 55, 22.16
10:11:09 AM, 97.01, 163.5999, 0.6891, 55, 22.16
10:11:10 AM, 97.01, 163.5999, 0.7185, 55, 22.36
10:11:11 AM, 97.01, 163.5999, 0.7185, 55, 21.97
10:11:12 AM, 97.01, 163.7996, 0.7185, 55, 22.16
10:11:13 AM, 96.81, 163.5999, 0.7185, 51, 21.97
10:11:14 AM, 97.01, 163.5999, 0.7038, 51, 21.97
10:11:15 AM, 97.20, 163.7996, 0.6989, 51, 21.58
10:11:16 AM, 97.01, 163.9994, 0.6794, 55, 21.19
10:11:17 AM, 97.01, 163.5999, 0.7087, 55, 22.36
10:11:18 AM, 97.01, 163.5999, 0.6598, 55, 22.55
10:11:19 AM, 97.01, 163.7996, 0.7136, 55, 22.36
10:11:20 AM, 97.01, 163.7996, 0.6745, 55, 21.77
10:11:21 AM, 97.01, 163.7996, 0.6989, 55, 22.55
10:11:22 AM, 97.20, 163.7996, 0.6940, 55, 22.55
10:11:23 AM, 97.39, 164.3989, 0.6598, 55, 22.36
10:11:24 AM, 97.39, 164.3989, 0.6500, 55, 22.36
10:11:25 AM, 97.39, 164.5986, 0.6745, 55, 21.38
10:11:26 AM, 97.01, 164.1991, 0.6647, 51, 22.36
10:11:27 AM, 97.20, 163.5999, 0.6989, 51, 21.77
10:11:28 AM, 97.39, 163.9994, 0.6745, 51, 22.55
10:11:29 AM, 97.39, 164.1991, 0.6500, 51, 22.16
10:11:30 AM, 97.01, 164.1991, 0.6696, 51, 21.77
10:11:31 AM, 97.01, 163.5999, 0.6403, 55, 22.55
10:11:32 AM, 97.01, 163.4001, 0.7234, 55, 22.36
10:11:33 AM, 97.01, 163.7996, 0.7185, 55, 22.55
10:11:34 AM, 97.20, 163.7996, 0.6989, 55, 22.94
10:11:35 AM, 97.39, 164.3989, 0.6794, 55, 22.55
10:11:36 AM, 97.39, 164.3989, 0.6745, 51, 22.36
10:11:37 AM, 97.01, 164.1991, 0.6452, 51, 22.94
10:11:38 AM, 97.20, 163.5999, 0.7038, 51, 22.74
10:11:39 AM, 97.39, 163.9994, 0.6549, 51, 21.97
10:11:40 AM, 97.59, 164.5986, 0.6403, 55, 22.16
10:11:41 AM, 97.20, 164.3989, 0.6696, 55, 22.36
10:11:42 AM, 96.81, 163.9994, 0.6891, 51, 22.36
10:11:43 AM, 97.01, 163.4001, 0.7234, 55, 22.36
10:11:44 AM, 97.20, 163.5999, 0.7136, 55, 22.36
10:11:45 AM, 97.39, 163.4001, 0.6794, 55, 22.16
10:11:46 AM, 97.39, 164.1991, 0.6598, 55, 21.00
10:11:47 AM, 97.20, 163.9994, 0.6891, 55, 22.36
10:11:48 AM, 96.81, 163.9994, 0.6256, 55, 22.55
10:11:49 AM, 97.01, 163.7996, 0.7283, 55, 22.55
10:11:50 AM, 97.20, 163.7996, 0.7087, 55, 22.36
10:11:51 AM, 97.39, 164.3989, 0.6745, 55, 22.55
10:11:52 AM, 97.59, 164.1991, 0.6745, 55, 22.16
10:11:53 AM, 97.59, 164.3989, 0.6305, 55, 22.55
10:11:54 AM, 97.20, 163.9994, 0.6891, 55, 22.16
10:11:55 AM, 97.39, 163.5999, 0.6843, 55, 21.58
10:11:56 AM, 97.39, 166.5962, 0.6598, 55, 21.97
10:11:57 AM, 97.59, 164.3989, 0.6647, 55, 22.36
10:11:58 AM, 97.59, 164.5986, 0.6598, 55, 22.55
10:11:59 AM, 97.59, 164.3989, 0.6500, 51, 22.16
10:12:00 AM, 97.59, 164.3989, 0.6598, 51, 22.36
10:12:01 AM, 97.59, 164.7984, 0.6158, 51, 22.16
10:12:02 AM, 97.39, 164.3989, 0.6354, 55, 22.94
10:12:03 AM, 97.59, 164.5986, 0.6696, 55, 21.58
10:12:04 AM, 97.59, 164.3989, 0.6598, 55, 22.74
10:12:05 AM, 97.59, 164.9981, 0.6354, 51, 23.91
10:12:06 AM, 97.59, 164.5986, 0.6500, 51, 22.74
10:12:07 AM, 97.20, 164.5986, 0.6549, 51, 21.58
10:12:08 AM, 96.81, 164.1991, 0.6843, 55, 22.94
10:12:09 AM, 97.01, 163.9994, 0.7136, 55, 21.38
10:12:10 AM, 97.01, 163.5999, 0.7087, 55, 22.16
10:12:11 AM, 97.01, 163.5999, 0.7136, 55, 21.97
10:12:12 AM, 97.01, 163.5999, 0.7185, 55, 21.97
10:12:13 AM, 97.01, 164.1991, 0.7136, 55, 22.36
10:12:14 AM, 97.20, 163.7996, 0.7087, 55, 22.36
10:12:15 AM, 97.01, 164.1991, 0.6843, 55, 22.55
10:12:16 AM, 97.01, 163.7996, 0.7185, 55, 22.55
10:12:17 AM, 97.01, 163.9994, 0.6794, 55, 22.94
10:12:18 AM, 97.01, 163.7996, 0.7087, 55, 21.97
10:12:19 AM, 97.20, 163.7996, 0.7185, 55, 22.55
10:12:20 AM, 97.20, 164.3989, 0.6940, 55, 22.36
10:12:21 AM, 97.01, 164.1991, 0.6843, 55, 21.97
10:12:22 AM, 97.20, 163.5999, 0.7136, 55, 21.77
10:12:23 AM, 97.39, 164.3989, 0.6549, 51, 21.97
10:12:24 AM, 97.59, 164.5986, 0.6354, 55, 22.94
10:12:25 AM, 97.59, 164.7984, 0.6403, 55, 21.58
10:12:26 AM, 97.20, 164.5986, 0.6403, 55, 22.36
10:12:27 AM, 97.01, 164.1991, 0.6843, 55, 21.38
10:12:28 AM, 97.20, 163.7996, 0.7087, 55, 22.55
10:12:29 AM, 97.39, 164.1991, 0.6403, 51, 22.55
10:12:30 AM, 97.39, 164.5986, 0.6500, 51, 22.16
10:12:31 AM, 97.01, 164.5986, 0.6745, 55, 21.97
10:12:32 AM, 97.01, 163.7996, 0.7087, 55, 22.94
10:12:33 AM, 97.20, 163.7996, 0.7087, 55, 21.19
10:12:34 AM, 97.39, 164.1991, 0.6891, 55, 22.55
10:12:35 AM, 97.39, 164.3989, 0.6696, 55, 22.36
10:12:36 AM, 97.59, 164.3989, 0.6745, 51, 22.55
10:12:37 AM, 97.59, 164.5986, 0.6696, 55, 21.97
10:12:38 AM, 97.20, 164.5986, 0.6696, 55, 22.36
10:12:39 AM, 97.39, 164.1991, 0.7087, 51, 22.55
10:12:40 AM, 97.59, 164.3989, 0.6745, 55, 22.36
10:12:41 AM, 97.59, 164.3989, 0.6452, 55, 22.74
10:12:42 AM, 97.20, 164.7984, 0.6598, 55, 22.16
10:12:43 AM, 97.01, 164.1991, 0.6843, 55, 22.16
10:12:44 AM, 97.20, 163.7996, 0.6940, 55, 22.55
10:12:45 AM, 97.01, 164.1991, 0.6696, 55, 22.16
10:12:46 AM, 97.01, 163.7996, 0.7185, 51, 22.16
10:12:47 AM, 97.01, 163.9994, 0.6207, 55, 22.16
10:12:48 AM, 97.01, 163.9994, 0.6843, 51, 22.36
10:12:49 AM, 96.81, 163.9994, 0.7136, 55, 21.58
10:12:50 AM, 97.01, 163.7996, 0.7234, 55, 22.74
10:12:51 AM, 97.20, 163.9994, 0.6891, 51, 22.36
10:12:52 AM, 97.39, 164.1991, 0.6647, 55, 22.16
10:12:53 AM, 97.39, 164.5986, 0.6745, 55, 21.58
10:12:54 AM, 97.39, 164.1991, 0.6647, 51, 21.97
10:12:55 AM, 97.01, 163.7996, 0.6843, 55, 22.36
10:12:56 AM, 96.81, 164.1991, 0.6891, 55, 22.16
10:12:57 AM, 97.01, 163.7996, 0.7283, 55, 22.16
10:12:58 AM, 97.20, 163.9994, 0.6696, 55, 22.74
10:12:59 AM, 97.39, 164.1991, 0.6891, 55, 22.16
10:13:00 AM, 97.39, 164.7984, 0.6647, 55, 22.74
10:13:01 AM, 97.20, 164.3989, 0.6794, 55, 27.80
10:13:02 AM, 96.81, 164.3989, 0.6598, 55, 22.74
10:13:03 AM, 96.81, 163.5999, 0.6989, 55, 22.74
10:13:04 AM, 97.01, 163.9994, 0.7234, 55, 21.77
10:13:05 AM, 97.01, 163.4001, 0.6989, 55, 21.77
10:13:06 AM, 97.01, 166.3964, 0.7136, 55, 22.55
10:13:07 AM, 97.20, 163.7996, 0.7038, 55, 21.97
10:13:08 AM, 97.01, 163.5999, 0.6843, 55, 21.97
10:13:09 AM, 97.20, 163.9994, 0.6745, 55, 22.55
10:13:10 AM, 97.39, 164.1991, 0.6745, 55, 22.55
10:13:11 AM, 97.59, 164.5986, 0.6598, 55, 22.94
10:13:12 AM, 97.59, 164.5986, 0.6354, 51, 22.36
10:13:13 AM, 97.20, 164.5986, 0.6647, 51, 22.16
10:13:14 AM, 97.01, 163.4001, 0.7038, 51, 22.36
10:13:15 AM, 97.20, 164.1991, 0.6891, 55, 22.16
10:13:16 AM, 97.20, 164.1991, 0.6891, 55, 22.36
10:13:17 AM, 97.20, 164.1991, 0.6745, 55, 22.55
10:13:18 AM, 97.01, 164.1991, 0.6843, 51, 22.36
10:13:19 AM, 97.20, 163.7996, 0.7038, 55, 22.16
10:13:20 AM, 97.39, 163.9994, 0.6940, 55, 22.16
10:13:21 AM, 97.39, 164.1991, 0.6794, 55, 25.08
10:13:22 AM, 97.39, 164.5986, 0.6500, 55, 21.77
10:13:23 AM, 97.01, 163.7996, 0.7185, 51, 21.97
10:13:24 AM, 97.20, 163.7996, 0.7185, 55, 21.97
10:13:25 AM, 97.39, 162.8008, 0.6843, 55, 22.16
10:13:26 AM, 97.39, 164.3989, 0.6696, 55, 21.58
10:13:27 AM, 97.01, 166.1967, 0.6696, 55, 22.36
10:13:28 AM, 96.81, 163.9994, 0.6745, 51, 22.16
10:13:29 AM, 96.81, 163.7996, 0.7185, 55, 22.74
10:13:30 AM, 97.20, 163.9994, 0.6989, 55, 22.55
10:13:31 AM, 97.20, 164.3989, 0.6696, 55, 21.97
10:13:32 AM, 97.20, 164.3989, 0.6843, 55, 21.58
10:13:33 AM, 97.20, 164.3989, 0.6891, 51, 21.97
10:13:34 AM, 97.01, 164.9981, 0.6843, 55, 21.77
10:13:35 AM, 97.20, 163.7996, 0.7087, 55, 22.16
10:13:36 AM, 97.20, 164.1991, 0.6549, 55, 23.91
10:13:37 AM, 97.20, 166.1967, 0.6891, 55, 21.97
10:13:38 AM, 97.01, 164.3989, 0.6843, 51, 22.55
10:13:39 AM, 97.20, 163.7996, 0.7136, 55, 22.36
10:13:40 AM, 97.39, 164.1991, 0.6843, 51, 21.97
10:13:41 AM, 97.39, 164.3989, 0.6647, 55, 22.16
10:13:42 AM, 97.39, 164.3989, 0.6745, 55, 21.77
10:13:43 AM, 97.01, 164.3989, 0.6794, 51, 22.36
10:13:44 AM, 97.01, 163.5999, 0.7185, 55, 21.58
10:13:45 AM, 97.01, 163.4001, 0.6989, 51, 22.55
10:13:46 AM, 97.20, 163.7996, 0.6989, 55, 22.16
10:13:47 AM, 97.39, 164.1991, 0.6843, 55, 32.85
10:13:48 AM, 97.20, 164.5986, 0.6647, 55, 21.19
10:13:49 AM, 97.20, 164.3989, 0.6891, 55, 22.36
10:13:50 AM, 97.01, 163.7996, 0.6843, 55, 22.55
10:13:51 AM, 97.20, 163.9994, 0.7136, 55, 22.16
10:13:52 AM, 97.20, 163.9994, 0.6891, 51, 22.36
10:13:53 AM, 97.39, 164.5986, 0.6891, 55, 21.77
10:13:54 AM, 97.39, 166.1967, 0.6647, 55, 22.36
10:13:55 AM, 97.20, 164.3989, 0.6500, 55, 22.36
10:13:56 AM, 97.01, 163.5999, 0.7820, 55, 21.97
10:13:57 AM, 97.01, 164.5986, 0.7038, 51, 21.19
10:13:58 AM, 97.20, 163.9994, 0.7087, 55, 22.16
10:13:59 AM, 97.39, 164.3989, 0.6940, 55, 22.55
10:14:00 AM, 97.59, 164.5986, 0.6696, 55, 22.36
10:14:01 AM, 97.59, 162.8008, 0.6647, 55, 22.55
10:14:02 AM, 97.39, 164.5986, 0.6696, 55, 22.16
10:14:03 AM, 97.39, 164.3989, 0.6598, 55, 22.55
10:14:04 AM, 97.59, 164.9981, 0.6745, 55, 21.77
10:14:05 AM, 97.59, 166.1967, 0.6598, 51, 22.55
10:14:06 AM, 97.59, 164.5986, 0.6500, 51, 22.16
10:14:07 AM, 97.01, 164.1991, 0.6696, 55, 22.36
10:14:08 AM, 97.01, 163.4001, 0.6989, 55, 22.16
10:14:09 AM, 97.20, 163.9994, 0.6794, 55, 22.74
10:14:10 AM, 97.39, 164.1991, 0.6843, 55, 22.55
10:14:11 AM, 97.59, 164.5986, 0.6696, 55, 22.55
10:14:12 AM, 97.20, 164.5986, 0.6598, 55, 22.55
10:14:13 AM, 97.01, 164.1991, 0.6843, 51, 22.36
10:14:14 AM, 97.20, 163.7996, 0.6989, 51, 22.16
10:14:15 AM, 97.59, 164.3989, 0.6549, 55, 22.55
10:14:16 AM, 97.20, 164.7984, 0.6696, 55, 22.55
10:14:17 AM, 97.01, 164.1991, 0.6696, 55, 21.58
10:14:18 AM, 97.20, 163.9994, 0.6843, 55, 22.55
10:14:19 AM, 97.39, 163.9994, 0.6549, 51, 22.55
10:14:20 AM, 97.59, 164.1991, 0.6745, 51, 22.55
10:14:21 AM, 97.78, 164.5986, 0.6500, 51, 22.16
10:14:22 AM, 97.78, 164.9981, 0.6158, 55, 22.16
10:14:23 AM, 97.59, 164.9981, 0.6403, 55, 22.94
10:14:24 AM, 97.39, 164.5986, 0.6598, 55, 22.16
10:14:25 AM, 97.39, 164.3989, 0.6549, 55, 21.58
10:14:26 AM, 97.39, 164.3989, 0.6647, 55, 22.36
10:14:27 AM, 97.39, 164.1991, 0.6745, 55, 21.77
10:14:28 AM, 97.39, 164.3989, 0.6794, 55, 22.36
10:14:29 AM, 97.01, 164.5986, 0.6452, 51, 21.97
10:14:30 AM, 97.01, 163.9994, 0.7136, 51, 22.36
10:14:31 AM, 97.01, 163.9994, 0.7087, 55, 22.36
10:14:32 AM, 97.20, 163.7996, 0.7087, 55, 21.77
10:14:33 AM, 97.20, 164.3989, 0.6549, 55, 22.55
10:14:34 AM, 97.20, 164.5986, 0.6843, 55, 21.38
10:14:35 AM, 97.01, 164.1991, 0.6891, 51, 21.38
10:14:36 AM, 97.20, 163.7996, 0.7185, 55, 22.55
10:14:37 AM, 97.39, 164.5986, 0.6794, 55, 22.36
10:14:38 AM, 97.59, 164.5986, 0.6696, 55, 20.80
10:14:39 AM, 97.59, 164.9981, 0.6305, 55, 23.52
10:14:40 AM, 97.39, 164.1991, 0.6598, 55, 22.55
10:14:41 AM, 97.39, 164.3989, 0.6696, 55, 22.36
10:14:42 AM, 97.59, 164.3989, 0.6794, 51, 22.36
10:14:43 AM, 97.59, 164.5986, 0.6647, 51, 21.97
10:14:44 AM, 97.01, 164.5986, 0.6794, 55, 21.58
10:14:45 AM, 97.01, 163.5999, 0.7185, 55, 22.55
10:14:46 AM, 97.20, 163.7996, 0.7185, 55, 21.97
10:14:47 AM, 97.20, 163.9994, 0.6745, 55, 22.16
10:14:48 AM, 97.01, 164.3989, 0.6940, 55, 22.55
10:14:49 AM, 96.81, 163.7996, 0.7527, 55, 22.55
10:14:50 AM, 96.81, 163.9994, 0.6891, 55, 22.36
10:14:51 AM, 97.01, 163.7996, 0.7185, 51, 22.55
10:14:52 AM, 97.01, 163.5999, 0.6745, 55, 22.16
10:14:53 AM, 97.01, 163.2003, 0.7038, 55, 21.97
10:14:54 AM, 97.20, 163.9994, 0.6794, 55, 22.55
10:14:55 AM, 97.01, 164.1991, 0.6549, 55, 21.58
10:14:56 AM, 96.81, 163.7996, 0.7234, 55, 22.55
10:14:57 AM, 96.81, 163.7996, 0.7283, 51, 22.55
10:14:58 AM, 96.81, 163.5999, 0.7038, 51, 22.55
10:14:59 AM, 97.01, 163.9994, 0.7136, 55, 22.94
10:15:00 AM, 97.20, 163.7996, 0.7087, 55, 21.97
10:15:01 AM, 97.39, 163.9994, 0.6794, 55, 22.16
10:15:02 AM, 97.39, 164.1991, 0.6696, 51, 22.74
10:15:03 AM, 97.20, 165.3977, 0.6696, 51, 21.58
10:15:04 AM, 97.01, 164.1991, 0.6891, 55, 21.77
10:15:05 AM, 97.20, 163.7996, 0.7136, 55, 22.36
10:15:06 AM, 97.39, 164.3989, 0.6794, 55, 22.16
10:15:07 AM, 97.59, 164.3989, 0.6647, 55, 22.16
10:15:08 AM, 97.59, 164.3989, 0.6598, 55, 22.16
10:15:09 AM, 97.20, 163.9994, 0.6647, 55, 22.16
10:15:10 AM, 96.81, 164.1991, 0.6794, 55, 22.36
10:15:11 AM, 97.01, 163.7996, 0.7136, 55, 22.16
10:15:12 AM, 97.20, 163.7996, 0.6989, 55, 22.36
10:15:13 AM, 97.39, 163.9994, 0.6891, 55, 21.97
10:15:14 AM, 97.39, 164.5986, 0.6598, 55, 22.16
10:15:15 AM, 97.39, 164.3989, 0.6745, 55, 22.36
10:15:16 AM, 97.39, 164.5986, 0.6745, 55, 22.16
10:15:17 AM, 97.59, 163.7996, 0.6696, 51, 22.36
10:15:18 AM, 97.59, 164.5986, 0.6256, 55, 23.33
10:15:19 AM, 97.78, 164.5986, 0.6696, 55, 22.16
10:15:20 AM, 97.39, 164.7984, 0.6403, 51, 22.36
10:15:21 AM, 97.59, 163.7996, 0.6794, 55, 22.36
10:15:22 AM, 97.59, 164.1991, 0.6452, 55, 21.97
10:15:23 AM, 97.59, 164.5986, 0.6500, 55, 21.58
10:15:24 AM, 97.39, 164.5986, 0.6598, 51, 22.36
10:15:25 AM, 97.39, 164.3989, 0.6745, 55, 22.94
10:15:26 AM, 97.39, 164.3989, 0.6745, 55, 22.16
10:15:27 AM, 97.59, 164.3989, 0.6403, 55, 22.36
10:15:28 AM, 97.39, 163.9994, 0.6647, 55, 24.11
10:15:29 AM, 97.01, 164.3989, 0.6598, 51, 22.55
10:15:30 AM, 97.01, 163.7996, 0.6940, 55, 22.36
10:15:31 AM, 97.01, 164.7984, 0.6989, 55, 22.55
10:15:32 AM, 97.20, 164.5986, 0.7185, 55, 21.97
10:15:33 AM, 97.39, 164.1991, 0.6843, 55, 21.77
10:15:34 AM, 97.39, 164.3989, 0.6598, 51, 21.58
10:15:35 AM, 97.39, 164.1991, 0.6794, 55, 22.16
10:15:36 AM, 96.81, 164.1991, 0.6891, 55, 21.97
10:15:37 AM, 97.01, 163.9994, 0.6891, 55, 22.55
10:15:38 AM, 97.20, 163.7996, 0.6989, 55, 21.97
10:15:39 AM, 97.39, 164.3989, 0.6647, 55, 21.77
10:15:40 AM, 97.59, 164.5986, 0.6745, 55, 22.74
10:15:41 AM, 97.59, 164.9981, 0.6549, 51, 19.05
10:15:42 AM, 97.39, 164.7984, 0.6598, 55, 21.77
10:15:43 AM, 97.59, 166.1967, 0.6696, 55, 22.16
10:15:44 AM, 97.59, 164.7984, 0.6549, 51, 22.55
10:15:45 AM, 97.59, 164.5986, 0.6549, 51, 21.77
10:15:46 AM, 97.20, 164.5986, 0.6549, 55, 21.97
10:15:47 AM, 97.01, 163.7996, 0.6500, 51, 22.16
10:15:48 AM, 97.01, 163.7996, 0.7185, 55, 22.55
10:15:49 AM, 97.20, 163.9994, 0.7136, 55, 22.36
10:15:50 AM, 97.39, 164.1991, 0.6794, 55, 22.36
10:15:51 AM, 97.59, 164.5986, 0.6598, 55, 22.74
10:15:52 AM, 97.20, 164.3989, 0.6549, 55, 21.97
10:15:53 AM, 96.81, 164.1991, 0.6843, 55, 22.55
10:15:54 AM, 97.01, 163.7996, 0.6696, 55, 22.55
10:15:55 AM, 97.01, 163.7996, 0.7087, 55, 21.97
10:15:56 AM, 97.01, 164.1991, 0.6989, 51, 22.36
10:15:57 AM, 97.01, 164.5986, 0.7087, 51, 21.58
10:15:58 AM, 96.81, 163.9994, 0.7136, 55, 21.97
10:15:59 AM, 96.62, 163.7996, 0.6989, 55, 22.55
10:16:00 AM, 96.81, 163.5999, 0.7527, 55, 22.74
10:16:01 AM, 97.01, 163.5999, 0.7234, 51, 22.74
10:16:02 AM, 97.01, 163.7996, 0.6794, 55, 22.74
10:16:03 AM, 97.20, 163.7996, 0.6989, 55, 21.58
10:16:04 AM, 97.20, 164.3989, 0.6696, 55, 21.58
10:16:05 AM, 96.81, 163.7996, 0.7038, 55, 22.36
10:16:06 AM, 97.01, 163.7996, 0.7283, 55, 22.16
10:16:07 AM, 97.01, 164.5986, 0.7136, 55, 21.38
10:16:08 AM, 97.20, 163.9994, 0.7136, 55, 22.74
10:16:09 AM, 97.20, 164.1991, 0.6745, 55, 22.55
10:16:10 AM, 97.20, 164.3989, 0.7038, 55, 22.55
10:16:11 AM, 97.01, 163.9994, 0.6891, 55, 21.97
10:16:12 AM, 97.20, 163.9994, 0.6843, 55, 22.74
10:16:13 AM, 97.39, 164.5986, 0.6794, 55, 21.77
10:16:14 AM, 97.59, 164.5986, 0.6647, 55, 22.55
10:16:15 AM, 97.59, 164.7984, 0.6207, 55, 22.36
10:16:16 AM, 97.20, 164.3989, 0.6696, 51, 22.55
10:16:17 AM, 97.39, 164.1991, 0.6843, 55, 22.55
10:16:18 AM, 97.20, 164.7984, 0.6745, 55, 21.97
10:16:19 AM, 97.39, 163.7996, 0.6891, 55, 21.97
10:16:20 AM, 97.59, 164.5986, 0.6598, 55, 22.36
10:16:21 AM, 97.20, 164.5986, 0.6647, 55, 22.16
10:16:22 AM, 97.01, 164.1991, 0.6794, 55, 22.16
10:16:23 AM, 97.20, 163.9994, 0.6843, 55, 22.74
10:16:24 AM, 97.20, 165.1979, 0.6549, 51, 22.74
10:16:25 AM, 97.20, 164.1991, 0.6794, 55, 21.97
10:16:26 AM, 97.20, 164.1991, 0.6843, 55, 22.55
10:16:27 AM, 96.81, 164.1991, 0.6843, 55, 21.77
10:16:28 AM, 97.20, 163.5999, 0.6891, 51, 22.74
10:16:29 AM, 97.39, 164.1991, 0.6696, 51, 22.74
10:16:30 AM, 97.59, 164.1991, 0.6696, 55, 21.97
10:16:31 AM, 97.59, 164.5986, 0.6354, 55, 22.16
10:16:32 AM, 97.78, 164.7984, 0.6354, 51, 21.97
10:16:33 AM, 97.78, 164.9981, 0.6403, 55, 22.16
10:16:34 AM, 97.39, 164.7984, 0.6403, 55, 21.77
10:16:35 AM, 97.20, 163.2003, 0.7038, 55, 22.74
10:16:36 AM, 97.39, 163.9994, 0.6549, 55, 21.19
10:16:37 AM, 97.59, 163.7996, 0.6696, 55, 27.80
10:16:38 AM, 97.59, 165.3977, 0.6598, 55, 21.19
10:16:39 AM, 97.39, 164.3989, 0.6549, 55, 22.55
10:16:40 AM, 97.39, 163.5999, 0.6696, 55, 21.97
10:16:41 AM, 97.59, 164.1991, 0.6794, 51, 22.36
10:16:42 AM, 97.59, 164.5986, 0.6403, 55, 22.74
10:16:43 AM, 97.59, 164.3989, 0.6647, 55, 22.55
10:16:44 AM, 97.59, 164.3989, 0.6696, 55, 22.36
10:16:45 AM, 97.59, 164.3989, 0.6500, 51, 22.74
10:16:46 AM, 97.59, 164.7984, 0.6354, 55, 22.16
10:16:47 AM, 97.59, 164.3989, 0.6598, 55, 21.97
10:16:48 AM, 97.39, 164.3989, 0.6500, 55, 22.36
10:16:49 AM, 97.01, 164.1991, 0.6794, 55, 22.36
10:16:50 AM, 97.20, 163.7996, 0.7087, 55, 22.94
10:16:51 AM, 97.39, 163.9994, 0.6794, 55, 22.55
10:16:52 AM, 97.01, 164.1991, 0.6696, 55, 22.36
10:16:53 AM, 97.01, 163.7996, 0.6989, 51, 22.36
10:16:54 AM, 96.81, 163.5999, 0.7087, 51, 22.36
10:16:55 AM, 97.01, 163.5999, 0.6940, 55, 22.74
10:16:56 AM, 97.01, 163.7996, 0.7185, 55, 22.36
10:16:57 AM, 97.01, 163.9994, 0.7136, 51, 21.77
10:16:58 AM, 97.01, 163.7996, 0.7185, 55, 21.97
10:16:59 AM, 97.01, 163.7996, 0.7185, 55, 22.55
10:17:00 AM, 97.01, 163.7996, 0.7136, 55, 21.97
10:17:01 AM, 97.01, 163.2003, 0.7087, 51, 21.97
10:17:02 AM, 96.81, 163.7996, 0.7038, 55, 22.74
10:17:03 AM, 96.81, 163.7996, 0.6989, 55, 21.97
10:17:04 AM, 97.01, 163.0006, 0.7136, 51, 21.97
10:17:05 AM, 97.01, 163.5999, 0.6989, 55, 22.36
10:17:06 AM, 97.20, 163.7996, 0.7038, 55, 22.36
10:17:07 AM, 97.20, 164.1991, 0.6745, 51, 22.36
10:17:08 AM, 97.20, 164.1991, 0.6794, 55, 21.38
10:17:09 AM, 97.01, 164.1991, 0.6843, 51, 22.16
10:17:10 AM, 97.20, 163.7996, 0.7185, 55, 22.94
10:17:11 AM, 97.39, 163.9994, 0.6745, 51, 21.97
10:17:12 AM, 97.59, 164.3989, 0.6500, 55, 22.16
10:17:13 AM, 97.59, 164.3989, 0.6598, 55, 21.97
10:17:14 AM, 97.59, 164.3989, 0.6549, 55, 22.16
10:17:15 AM, 97.59, 165.3977, 0.6549, 55, 21.77
10:17:16 AM, 97.59, 164.3989, 0.6500, 55, 22.16
10:17:17 AM, 97.59, 165.3977, 0.6598, 51, 21.58
10:17:18 AM, 97.39, 164.3989, 0.6549, 55, 21.97
10:17:19 AM, 97.01, 163.7996, 0.7087, 55, 22.55
10:17:20 AM, 97.20, 163.7996, 0.7185, 55, 22.36
10:17:21 AM, 97.39, 164.1991, 0.6843, 55, 21.97
10:17:22 AM, 97.39, 164.5986, 0.6745, 55, 22.36
10:17:23 AM, 97.01, 164.1991, 0.6794, 55, 21.97
10:17:24 AM, 97.01, 163.7996, 0.7185, 55, 22.36
10:17:25 AM, 97.01, 163.7996, 0.7087, 51, 22.16
10:17:26 AM, 97.20, 163.5999, 0.7087, 51, 22.74
10:17:27 AM, 97.59, 163.9994, 0.6696, 55, 21.97
10:17:28 AM, 97.59, 163.9994, 0.6647, 55, 21.97
10:17:29 AM, 97.39, 164.3989, 0.6696, 55, 22.16
10:17:30 AM, 97.01, 164.3989, 0.6843, 51, 22.16
10:17:31 AM, 97.20, 163.7996, 0.6940, 55, 22.36
10:17:32 AM, 97.01, 163.9994, 0.6647, 55, 22.55
10:17:33 AM, 97.20, 163.9994, 0.7087, 55, 22.36
10:17:34 AM, 97.39, 164.3989, 0.6549, 51, 21.97
10:17:35 AM, 97.39, 164.3989, 0.6696, 55, 23.91
10:17:36 AM, 97.01, 164.3989, 0.6500, 55, 21.97
10:17:37 AM, 97.20, 163.5999, 0.7087, 55, 22.36
10:17:38 AM, 97.39, 163.9994, 0.6940, 51, 22.74
10:17:39 AM, 97.59, 166.1967, 0.6794, 55, 22.94
10:17:40 AM, 97.78, 164.3989, 0.6647, 55, 21.97
10:17:41 AM, 97.20, 164.5986, 0.6696, 55, 22.16
10:17:42 AM, 97.39, 163.9994, 0.6794, 55, 21.97
10:17:43 AM, 97.39, 164.1991, 0.6843, 55, 21.58
10:17:44 AM, 97.39, 164.1991, 0.6696, 55, 21.58
10:17:45 AM, 97.59, 164.3989, 0.6647, 51, 22.94
10:17:46 AM, 97.59, 164.5986, 0.6403, 55, 22.55
10:17:47 AM, 97.20, 164.5986, 0.6549, 55, 23.91
10:17:48 AM, 96.81, 164.1991, 0.6794, 55, 21.58
10:17:49 AM, 97.01, 163.5999, 0.7087, 51, 21.77
10:17:50 AM, 97.01, 163.5999, 0.7136, 51, 21.19
10:17:51 AM, 97.01, 163.7996, 0.7136, 55, 21.77
10:17:52 AM, 97.20, 163.5999, 0.7136, 55, 22.36
10:17:53 AM, 97.01, 164.3989, 0.6891, 55, 22.55
10:17:54 AM, 96.81, 163.9994, 0.7136, 55, 22.36
10:17:55 AM, 96.81, 163.5999, 0.7234, 55, 22.55
10:17:56 AM, 97.20, 163.9994, 0.6843, 55, 22.16
10:17:57 AM, 97.20, 164.1991, 0.6745, 55, 21.77
10:17:58 AM, 97.20, 164.1991, 0.6794, 55, 22.55
10:17:59 AM, 96.81, 164.1991, 0.6843, 55, 22.36
10:18:00 AM, 96.81, 163.7996, 0.7234, 51, 21.97
10:18:01 AM, 97.01, 163.5999, 0.6989, 55, 21.58
10:18:02 AM, 97.20, 163.7996, 0.7087, 51, 21.97
10:18:03 AM, 97.39, 167.1955, 0.6549, 55, 21.97
10:18:04 AM, 97.59, 164.7984, 0.6403, 55, 22.55
10:18:05 AM, 97.39, 164.3989, 0.6647, 51, 21.58
10:18:06 AM, 97.01, 164.3989, 0.6745, 55, 22.55
10:18:07 AM, 97.01, 163.5999, 0.6843, 55, 21.77
10:18:08 AM, 96.81, 163.7996, 0.6843, 51, 22.36
10:18:09 AM, 97.01, 163.7996, 0.7234, 51, 22.55
10:18:10 AM, 97.01, 163.7996, 0.6940, 55, 21.97
10:18:11 AM, 97.20, 163.9994, 0.6745, 55, 22.16
10:18:12 AM, 97.20, 163.4001, 0.6794, 55, 22.74
10:18:13 AM, 96.81, 167.1955, 0.6891, 55, 22.16
10:18:14 AM, 96.81, 163.5999, 0.7331, 55, 22.16
10:18:15 AM, 96.81, 163.5999, 0.7185, 51, 21.19
10:18:16 AM, 97.01, 163.5999, 0.7136, 55, 23.13
10:18:17 AM, 97.20, 163.9994, 0.6891, 55, 22.55
10:18:18 AM, 97.01, 163.9994, 0.7136, 55, 22.74
10:18:19 AM, 97.20, 163.9994, 0.7038, 51, 22.16
10:18:20 AM, 97.01, 163.9994, 0.6891, 51, 22.36
10:18:21 AM, 97.20, 163.9994, 0.6843, 55, 22.36
10:18:22 AM, 97.39, 163.9994, 0.6647, 51, 22.36
10:18:23 AM, 97.39, 164.1991, 0.6794, 51, 22.36
10:18:24 AM, 97.59, 164.3989, 0.6794, 51, 22.36
10:18:25 AM, 97.78, 164.5986, 0.6647, 51, 22.16
10:18:26 AM, 97.39, 164.7984, 0.6305, 55, 22.55
10:18:27 AM, 97.20, 164.3989, 0.6696, 55, 22.55
10:18:28 AM, 97.39, 164.1991, 0.6891, 55, 22.36
10:18:29 AM, 97.59, 164.3989, 0.6745, 51, 22.55
10:18:30 AM, 97.59, 164.5986, 0.6598, 55, 22.55
10:18:31 AM, 97.20, 164.5986, 0.6403, 55, 21.97
10:18:32 AM, 97.39, 164.1991, 0.6891, 55, 21.97
10:18:33 AM, 97.59, 164.3989, 0.6794, 51, 22.36
10:18:34 AM, 97.59, 164.5986, 0.6696, 51, 22.55
10:18:35 AM, 97.59, 164.5986, 0.6500, 51, 22.55
10:18:36 AM, 97.20, 164.3989, 0.6647, 55, 22.16
10:18:37 AM, 97.01, 164.1991, 0.6598, 55, 22.16
10:18:38 AM, 97.20, 163.9994, 0.7136, 51, 22.74
10:18:39 AM, 97.20, 163.9994, 0.6891, 51, 22.74
10:18:40 AM, 97.01, 163.5999, 0.6647, 51, 22.36
10:18:41 AM, 97.20, 163.7996, 0.7087, 55, 22.36
10:18:42 AM, 97.39, 164.1991, 0.6696, 55, 22.16
10:18:43 AM, 97.59, 163.9994, 0.6500, 55, 21.77
10:18:44 AM, 97.20, 163.9994, 0.6354, 51, 21.97
10:18:45 AM, 97.20, 164.1991, 0.6891, 55, 22.74
10:18:46 AM, 97.01, 164.1991, 0.6696, 55, 22.74
10:18:47 AM, 97.01, 164.5986, 0.7087, 55, 21.77
10:18:48 AM, 97.20, 164.1991, 0.6794, 55, 22.16
10:18:49 AM, 97.20, 164.3989, 0.6843, 55, 22.16
10:18:50 AM, 97.39, 164.5986, 0.6794, 55, 22.55
10:18:51 AM, 97.39, 163.9994, 0.6452, 55, 22.36
10:18:52 AM, 97.59, 163.7996, 0.6794, 55, 21.97
10:18:53 AM, 97.59, 164.1991, 0.6696, 55, 22.16
10:18:54 AM, 97.59, 164.5986, 0.6745, 55, 22.55
10:18:55 AM, 96.81, 163.7996, 0.6891, 55, 22.36
10:18:56 AM, 97.01, 163.5999, 0.6940, 55, 22.55
10:18:57 AM, 97.20, 163.5999, 0.6989, 55, 21.97
10:18:58 AM, 97.39, 164.3989, 0.6891, 55, 22.16
10:18:59 AM, 97.59, 164.1991, 0.6843, 51, 22.55
10:19:00 AM, 97.78, 164.3989, 0.6745, 55, 21.97
10:19:01 AM, 97.39, 164.1991, 0.6452, 51, 22.16
10:19:02 AM, 97.01, 164.3989, 0.6696, 55, 21.97
10:19:03 AM, 97.39, 163.7996, 0.6843, 51, 21.97
10:19:04 AM, 97.59, 164.1991, 0.6696, 55, 27.60
10:19:05 AM, 97.59, 164.3989, 0.6598, 55, 21.38
10:19:06 AM, 97.59, 164.3989, 0.6647, 55, 22.36
10:19:07 AM, 97.39, 164.5986, 0.6305, 51, 21.77
10:19:08 AM, 97.39, 164.1991, 0.6598, 55, 22.55
10:19:09 AM, 97.59, 166.7959, 0.6843, 55, 22.55
10:19:10 AM, 97.59, 163.7996, 0.6500, 51, 22.36
10:19:11 AM, 97.39, 164.3989, 0.6354, 51, 18.47
10:19:12 AM, 97.39, 164.1991, 0.6794, 55, 21.77
10:19:13 AM, 97.59, 164.3989, 0.6940, 55, 21.58
10:19:14 AM, 97.20, 164.5986, 0.6549, 51, 21.77
10:19:15 AM, 97.39, 163.9994, 0.6794, 51, 22.55
10:19:16 AM, 97.39, 164.1991, 0.6696, 51, 21.97
10:19:17 AM, 97.39, 164.1991, 0.6843, 55, 22.74
10:19:18 AM, 97.20, 164.5986, 0.6647, 55, 22.74
10:19:19 AM, 97.20, 164.1991, 0.6843, 55, 22.16
10:19:20 AM, 97.01, 163.9994, 0.6843, 55, 22.16
10:19:21 AM, 97.20, 163.7996, 0.7087, 55, 22.16
10:19:22 AM, 97.39, 163.9994, 0.6940, 55, 22.55
10:19:23 AM, 97.59, 163.9994, 0.6500, 55, 21.77
10:19:24 AM, 97.59, 164.5986, 0.6696, 51, 22.55
10:19:25 AM, 97.01, 164.1991, 0.6745, 55, 21.97
10:19:26 AM, 97.20, 163.7996, 0.6891, 55, 22.36
10:19:27 AM, 97.39, 164.1991, 0.6891, 55, 22.36
10:19:28 AM, 97.39, 163.9994, 0.6745, 55, 22.55
10:19:29 AM, 97.39, 164.5986, 0.6745, 55, 20.80
10:19:30 AM, 97.01, 164.3989, 0.6696, 51, 22.74
10:19:31 AM, 97.20, 163.7996, 0.7087, 51, 22.16
10:19:32 AM, 97.39, 164.3989, 0.6452, 55, 22.16
10:19:33 AM, 97.59, 164.3989, 0.6745, 55, 21.97
10:19:34 AM, 97.59, 164.5986, 0.6500, 55, 27.99
10:19:35 AM, 97.39, 164.7984, 0.6305, 55, 24.30
10:19:36 AM, 97.20, 163.9994, 0.6696, 55, 21.77
10:19:37 AM, 97.39, 164.1991, 0.6843, 55, 21.97
10:19:38 AM, 97.39, 164.1991, 0.6647, 55, 22.36
10:19:39 AM, 97.59, 164.3989, 0.6452, 51, 21.97
10:19:40 AM, 97.20, 164.5986, 0.6647, 51, 21.77
10:19:41 AM, 96.81, 163.9994, 0.6647, 51, 21.97
10:19:42 AM, 97.01, 163.4001, 0.7283, 51, 21.97
10:19:43 AM, 97.20, 163.7996, 0.6940, 55, 21.97
10:19:44 AM, 97.20, 163.7996, 0.6794, 51, 22.55
10:19:45 AM, 96.81, 164.1991, 0.6696, 51, 21.77
10:19:46 AM, 96.81, 163.7996, 0.7136, 55, 21.97
10:19:47 AM, 97.20, 163.7996, 0.6989, 55, 22.74
10:19:48 AM, 97.20, 163.4001, 0.7038, 55, 22.74
10:19:49 AM, 97.20, 163.9994, 0.6647, 55, 22.55
10:19:50 AM, 96.81, 163.9994, 0.6891, 55, 22.55
10:19:51 AM, 96.81, 163.7996, 0.7185, 55, 21.77
10:19:52 AM, 97.01, 163.5999, 0.7087, 55, 21.97
10:19:53 AM, 97.01, 163.7996, 0.7087, 55, 22.16
10:19:54 AM, 97.20, 163.7996, 0.6891, 55, 23.33
10:19:55 AM, 97.20, 163.9994, 0.6891, 55, 22.36
10:19:56 AM, 97.01, 164.1991, 0.6549, 51, 22.55
10:19:57 AM, 97.01, 163.7996, 0.6891, 55, 22.55
10:19:58 AM, 96.81, 163.9994, 0.7136, 55, 22.74
10:19:59 AM, 97.01, 163.7996, 0.7283, 55, 22.55
10:20:00 AM, 97.01, 163.9994, 0.7087, 55, 21.97
10:20:01 AM, 97.01, 163.7996, 0.7136, 55, 22.94
10:20:02 AM, 97.01, 163.5999, 0.6989, 51, 21.97
10:20:03 AM, 97.01, 163.9994, 0.6891, 51, 21.97
10:20:04 AM, 97.01, 163.7996, 0.7087, 51, 22.74
10:20:05 AM, 97.01, 163.9994, 0.7136, 51, 22.55
10:20:06 AM, 96.81, 163.9994, 0.6891, 51, 21.97
10:20:07 AM, 97.01, 163.5999, 0.7087, 51, 22.36
10:20:08 AM, 97.20, 163.7996, 0.6843, 55, 22.74
10:20:09 AM, 97.59, 166.1967, 0.6745, 51, 22.16
10:20:10 AM, 97.78, 164.5986, 0.6549, 51, 22.36
10:20:11 AM, 97.78, 165.3977, 0.6354, 55, 21.38
10:20:12 AM, 97.78, 165.3977, 0.6354, 55, 21.19
10:20:13 AM, 97.78, 164.7984, 0.6354, 55, 22.94
10:20:14 AM, 97.59, 164.5986, 0.6354, 55, 22.16
10:20:15 AM, 97.59, 163.9994, 0.6452, 51, 21.38
10:20:16 AM, 97.59, 164.5986, 0.6452, 55, 28.38
10:20:17 AM, 97.59, 163.9994, 0.6354, 51, 22.36
10:20:18 AM, 97.20, 164.5986, 0.6598, 51, 21.97
10:20:19 AM, 97.01, 164.1991, 0.6891, 55, 21.77
10:20:20 AM, 96.81, 163.7996, 0.7136, 55, 21.58
10:20:21 AM, 97.01, 163.4001, 0.7283, 55, 22.55
10:20:22 AM, 97.20, 163.7996, 0.7136, 55, 21.97
10:20:23 AM, 97.20, 163.9994, 0.7380, 55, 22.16
10:20:24 AM, 97.20, 164.1991, 0.6794, 55, 21.77
10:20:25 AM, 97.20, 164.1991, 0.6647, 55, 22.36
10:20:26 AM, 97.39, 163.9994, 0.6696, 55, 21.77
10:20:27 AM, 97.39, 164.1991, 0.6696, 51, 21.97
10:20:28 AM, 97.39, 164.1991, 0.6745, 51, 21.97
10:20:29 AM, 97.39, 164.1991, 0.6696, 55, 22.36
10:20:30 AM, 97.01, 164.3989, 0.6549, 55, 22.16
10:20:31 AM, 97.20, 163.0006, 0.7136, 51, 22.55
10:20:32 AM, 97.39, 163.9994, 0.6647, 55, 22.55
10:20:33 AM, 97.39, 163.9994, 0.6794, 55, 22.16
10:20:34 AM, 97.01, 164.1991, 0.6794, 55, 22.36
10:20:35 AM, 97.01, 163.7996, 0.7185, 55, 22.55
10:20:36 AM, 97.20, 163.7996, 0.7185, 55, 22.36
10:20:37 AM, 97.39, 163.9994, 0.6843, 55, 21.77
10:20:38 AM, 97.59, 164.1991, 0.6452, 51, 27.99
10:20:39 AM, 97.59, 164.5986, 0.6549, 55, 22.16
10:20:40 AM, 97.39, 164.3989, 0.6452, 55, 21.58
10:20:41 AM, 97.39, 164.3989, 0.6403, 55, 22.36
10:20:42 AM, 97.59, 164.3989, 0.6647, 51, 22.16
10:20:43 AM, 97.59, 163.9994, 0.6696, 51, 22.16
10:20:44 AM, 97.20, 164.3989, 0.6598, 51, 22.94
10:20:45 AM, 97.01, 163.9994, 0.6891, 51, 21.97
10:20:46 AM, 97.39, 164.1991, 0.6843, 55, 21.77
10:20:47 AM, 97.39, 164.1991, 0.6745, 51, 22.36
10:20:48 AM, 97.39, 164.3989, 0.6452, 55, 22.16
10:20:49 AM, 97.20, 163.9994, 0.6647, 55, 22.94
10:20:50 AM, 97.39, 163.9994, 0.6891, 51, 22.55
10:20:51 AM, 97.39, 164.1991, 0.6696, 51, 24.30
10:20:52 AM, 97.59, 164.3989, 0.6598, 55, 22.55
10:20:53 AM, 97.39, 166.1967, 0.6549, 55, 22.55
10:20:54 AM, 97.39, 163.9994, 0.6696, 55, 22.16
10:20:55 AM, 97.59, 164.3989, 0.6647, 55, 21.58
10:20:56 AM, 97.59, 164.3989, 0.6403, 51, 22.74
10:20:57 AM, 97.39, 164.3989, 0.6452, 51, 22.36
10:20:58 AM, 97.01, 164.3989, 0.6452, 51, 20.80
10:20:59 AM, 97.20, 163.7996, 0.6940, 55, 21.58
10:21:00 AM, 97.39, 164.1991, 0.6891, 55, 22.16
10:21:01 AM, 97.39, 164.1991, 0.6891, 55, 21.77
10:21:02 AM, 97.59, 164.1991, 0.6745, 51, 22.36
10:21:03 AM, 97.59, 164.3989, 0.6549, 51, 21.97
10:21:04 AM, 97.20, 164.5986, 0.6598, 51, 22.36
10:21:05 AM, 97.01, 163.7996, 0.6647, 55, 21.97
10:21:06 AM, 97.01, 163.7996, 0.7185, 55, 22.36
10:21:07 AM, 97.01, 163.5999, 0.7136, 55, 22.16
