Time, Heater Temp[C], Heater Voltage[V], Sense Voltage[V], Fan Speed[%], Ambient Temp[C]
11:06:18 AM, 141.52, 147.6194, 1.4174, 102, 22.94
11:06:19 AM, 141.52, 147.4196, 1.4027, 102, 22.74
11:06:20 AM, 141.33, 147.2199, 1.4467, 98, 22.94
11:06:21 AM, 141.52, 147.0201, 1.4272, 102, 23.33
11:06:22 AM, 141.72, 147.4196, 1.3978, 102, 22.94
11:06:23 AM, 141.72, 147.6194, 1.3734, 98, 23.33
11:06:24 AM, 141.72, 147.6194, 1.4712, 98, 30.52
11:06:25 AM, 141.52, 147.6194, 1.4125, 102, 22.94
11:06:26 AM, 141.33, 149.0177, 1.4027, 98, 24.11
11:06:27 AM, 141.33, 147.2199, 1.4174, 98, 26.83
11:06:28 AM, 141.52, 147.2199, 1.4223, 98, 22.16
11:06:29 AM, 141.72, 147.4196, 1.4174, 98, 22.16
11:06:30 AM, 141.72, 147.8192, 1.3978, 98, 21.58
11:06:31 AM, 141.72, 147.2199, 1.3978, 102, 22.55
11:06:32 AM, 141.33, 147.4196, 1.3734, 98, 22.94
11:06:33 AM, 141.52, 147.0201, 1.4370, 98, 22.94
11:06:34 AM, 141.52, 147.4196, 1.4223, 98, 22.94
11:06:35 AM, 141.72, 147.4196, 1.4272, 102, 22.55
11:06:36 AM, 141.72, 147.6194, 1.4223, 102, 22.94
11:06:37 AM, 141.72, 147.0201, 1.4125, 98, 22.55
11:06:38 AM, 141.72, 147.4196, 1.3881, 98, 22.74
11:06:39 AM, 141.52, 147.8192, 1.3685, 98, 23.13
11:06:40 AM, 141.52, 147.6194, 1.4223, 98, 22.94
11:06:41 AM, 141.52, 147.6194, 1.4174, 98, 22.55
11:06:42 AM, 141.72, 147.8192, 1.3832, 102, 23.13
11:06:43 AM, 141.91, 147.8192, 1.3881, 98, 23.33
11:06:44 AM, 142.11, 147.6194, 1.3685, 98, 22.94
11:06:45 AM, 142.11, 148.4184, 1.3539, 102, 22.94
11:06:46 AM, 142.11, 148.2187, 1.3783, 98, 23.13
11:06:47 AM, 141.72, 148.2187, 1.3636, 98, 22.74
11:06:48 AM, 141.52, 147.8192, 1.4125, 102, 22.74
11:06:49 AM, 141.52, 147.6194, 1.4272, 102, 23.13
11:06:50 AM, 141.91, 147.4196, 1.3930, 98, 22.36
11:06:51 AM, 142.11, 147.8192, 1.3734, 98, 22.36
11:06:52 AM, 142.11, 148.4184, 1.3392, 98, 26.83
11:06:53 AM, 142.11, 148.0189, 1.3685, 98, 23.13
11:06:54 AM, 142.11, 148.0189, 1.3734, 98, 23.13
11:06:55 AM, 141.72, 148.4184, 1.3734, 102, 23.72
11:06:56 AM, 141.91, 147.6194, 1.4027, 102, 22.74
11:06:57 AM, 142.11, 148.6182, 1.3685, 98, 23.33
11:06:58 AM, 142.11, 147.6194, 1.3441, 98, 22.94
11:06:59 AM, 142.11, 149.8167, 1.3245, 102, 22.94
11:07:00 AM, 142.11, 148.2187, 1.3685, 98, 22.55
11:07:01 AM, 142.11, 148.2187, 1.3587, 98, 22.55
11:07:02 AM, 141.91, 148.2187, 1.3392, 98, 22.74
11:07:03 AM, 141.91, 148.0189, 1.3587, 102, 22.55
11:07:04 AM, 141.91, 147.8192, 1.3881, 98, 22.16
11:07:05 AM, 142.11, 147.8192, 1.3734, 98, 22.74
11:07:06 AM, 142.11, 148.2187, 1.3783, 98, 22.94
11:07:07 AM, 142.11, 148.2187, 1.3734, 98, 22.16
11:07:08 AM, 142.11, 148.2187, 1.3539, 98, 22.55
11:07:09 AM, 141.72, 148.2187, 1.3783, 98, 23.33
11:07:10 AM, 141.52, 147.8192, 1.4174, 102, 22.74
11:07:11 AM, 141.33, 147.6194, 1.4272, 102, 22.94
11:07:12 AM, 141.52, 147.4196, 1.4027, 98, 22.36
11:07:13 AM, 141.52, 147.4196, 1.4174, 98, 22.16
11:07:14 AM, 141.52, 147.6194, 1.4076, 98, 21.97
11:07:15 AM, 141.52, 147.6194, 1.4076, 98, 22.55
11:07:16 AM, 141.13, 147.6194, 1.3978, 102, 23.33
11:07:17 AM, 140.94, 147.0201, 1.4418, 98, 22.55
11:07:18 AM, 140.94, 146.6206, 1.4663, 98, 22.36
11:07:19 AM, 141.33, 147.0201, 1.4370, 102, 23.13
11:07:20 AM, 141.13, 146.6206, 1.4516, 98, 22.55
11:07:21 AM, 141.33, 147.0201, 1.4467, 102, 22.94
11:07:22 AM, 141.33, 147.4196, 1.4418, 102, 22.55
11:07:23 AM, 141.33, 146.8204, 1.4418, 98, 22.94
11:07:24 AM, 141.33, 147.4196, 1.4370, 98, 24.49
11:07:25 AM, 141.52, 147.2199, 1.4370, 102, 22.94
11:07:26 AM, 141.52, 147.4196, 1.4223, 98, 22.94
11:07:27 AM, 141.72, 147.8192, 1.4125, 98, 22.94
11:07:28 AM, 141.52, 147.8192, 1.4076, 102, 22.55
11:07:29 AM, 141.52, 147.2199, 1.4272, 98, 23.13
11:07:30 AM, 141.52, 147.4196, 1.4321, 98, 22.94
11:07:31 AM, 141.72, 147.4196, 1.4223, 102, 22.74
11:07:32 AM, 141.91, 147.6194, 1.4027, 98, 22.16
11:07:33 AM, 141.91, 147.8192, 1.3881, 98, 23.33
11:07:34 AM, 141.91, 147.8192, 1.3930, 98, 22.16
11:07:35 AM, 141.72, 147.8192, 1.3881, 102, 22.55
11:07:36 AM, 141.52, 147.4196, 1.3881, 98, 23.13
11:07:37 AM, 141.72, 147.6194, 1.4272, 98, 24.88
11:07:38 AM, 141.91, 147.8192, 1.4223, 102, 22.55
11:07:39 AM, 141.91, 147.8192, 1.4076, 98, 22.94
11:07:40 AM, 141.91, 148.0189, 1.3978, 98, 23.52
11:07:41 AM, 141.91, 147.4196, 1.3978, 98, 22.94
11:07:42 AM, 141.52, 147.8192, 1.3978, 98, 22.94
11:07:43 AM, 141.72, 147.4196, 1.4174, 102, 21.58
11:07:44 AM, 141.91, 147.4196, 1.3978, 98, 23.13
11:07:45 AM, 142.11, 147.8192, 1.3978, 98, 22.16
11:07:46 AM, 142.11, 148.2187, 1.3783, 102, 22.94
11:07:47 AM, 142.11, 148.2187, 1.3490, 98, 21.58
11:07:48 AM, 141.72, 148.2187, 1.3441, 98, 22.74
11:07:49 AM, 141.72, 146.8204, 1.4027, 98, 22.16
11:07:50 AM, 141.52, 147.8192, 1.4027, 98, 21.58
11:07:51 AM, 141.72, 147.4196, 1.3783, 102, 22.74
11:07:52 AM, 141.91, 147.6194, 1.3881, 98, 22.74
11:07:53 AM, 142.11, 147.8192, 1.3685, 102, 23.33
11:07:54 AM, 142.11, 148.2187, 1.3636, 98, 22.16
11:07:55 AM, 142.11, 148.2187, 1.3783, 98, 23.13
11:07:56 AM, 142.11, 148.2187, 1.3783, 98, 22.55
11:07:57 AM, 142.11, 148.2187, 1.3587, 98, 21.77
11:07:58 AM, 141.91, 148.2187, 1.3343, 102, 23.33
11:07:59 AM, 141.91, 148.0189, 1.3783, 98, 22.16
11:08:00 AM, 141.91, 147.8192, 1.3978, 98, 22.55
11:08:01 AM, 141.91, 147.8192, 1.3978, 102, 22.94
11:08:02 AM, 141.91, 148.6182, 1.3881, 102, 22.36
11:08:03 AM, 142.11, 147.8192, 1.3881, 98, 22.74
11:08:04 AM, 142.11, 148.2187, 1.3490, 98, 21.58
11:08:05 AM, 141.91, 148.4184, 1.3539, 98, 22.94
11:08:06 AM, 141.52, 147.6194, 1.3978, 102, 22.94
11:08:07 AM, 141.72, 147.4196, 1.4223, 98, 22.55
11:08:08 AM, 141.52, 147.8192, 1.4174, 102, 23.13
11:08:09 AM, 141.72, 147.8192, 1.4223, 98, 22.55
11:08:10 AM, 141.91, 147.6194, 1.4027, 102, 23.13
11:08:11 AM, 142.11, 147.8192, 1.3783, 98, 22.94
11:08:12 AM, 142.11, 148.2187, 1.3636, 102, 21.58
11:08:13 AM, 141.91, 148.0189, 1.3685, 98, 22.55
11:08:14 AM, 141.91, 147.4196, 1.3734, 98, 23.13
11:08:15 AM, 142.11, 147.8192, 1.3930, 102, 23.13
11:08:16 AM, 142.11, 148.0189, 1.3685, 98, 22.55
11:08:17 AM, 142.11, 148.2187, 1.3441, 102, 23.13
11:08:18 AM, 141.52, 147.6194, 1.3881, 98, 23.13
11:08:19 AM, 141.72, 147.4196, 1.4027, 102, 22.94
11:08:20 AM, 141.91, 147.8192, 1.3783, 98, 23.33
11:08:21 AM, 141.91, 147.4196, 1.3881, 102, 22.74
11:08:22 AM, 141.91, 147.8192, 1.3832, 102, 22.55
11:08:23 AM, 141.91, 147.8192, 1.3881, 98, 22.16
11:08:24 AM, 142.11, 147.8192, 1.3881, 102, 22.55
11:08:25 AM, 141.91, 148.2187, 1.3636, 102, 22.55
11:08:26 AM, 141.52, 147.0201, 1.4125, 102, 22.36
11:08:27 AM, 141.52, 147.2199, 1.4174, 98, 23.13
11:08:28 AM, 141.52, 147.4196, 1.4174, 98, 22.74
11:08:29 AM, 141.52, 147.4196, 1.4076, 102, 22.74
11:08:30 AM, 141.52, 147.8192, 1.4125, 98, 22.74
11:08:31 AM, 141.13, 147.4196, 1.4125, 102, 23.33
11:08:32 AM, 140.94, 146.8204, 1.4467, 102, 22.55
11:08:33 AM, 141.13, 146.6206, 1.4565, 102, 22.74
11:08:34 AM, 141.33, 147.0201, 1.4516, 102, 22.55
11:08:35 AM, 141.33, 147.0201, 1.4272, 98, 23.13
11:08:36 AM, 141.13, 147.0201, 1.4418, 102, 22.16
11:08:37 AM, 141.13, 147.2199, 1.4223, 98, 22.94
11:08:38 AM, 141.13, 147.0201, 1.4467, 98, 22.74
11:08:39 AM, 141.33, 146.6206, 1.4467, 102, 23.13
11:08:40 AM, 141.33, 147.0201, 1.4370, 98, 22.36
11:08:41 AM, 141.33, 147.0201, 1.3978, 98, 22.36
11:08:42 AM, 141.33, 147.0201, 1.4272, 98, 22.36
11:08:43 AM, 141.13, 147.2199, 1.4370, 102, 22.74
11:08:44 AM, 141.13, 147.0201, 1.4614, 98, 22.74
11:08:45 AM, 141.13, 146.8204, 1.4516, 102, 22.36
11:08:46 AM, 141.33, 146.8204, 1.4565, 98, 22.36
11:08:47 AM, 141.33, 146.8204, 1.4467, 102, 22.36
11:08:48 AM, 141.33, 147.0201, 1.4418, 102, 22.74
11:08:49 AM, 141.33, 146.2211, 1.4467, 98, 22.94
11:08:50 AM, 141.13, 147.0201, 1.4174, 98, 22.74
11:08:51 AM, 141.13, 146.6206, 1.4467, 102, 22.55
11:08:52 AM, 141.13, 147.0201, 1.4370, 98, 23.33
11:08:53 AM, 141.33, 146.8204, 1.4565, 102, 22.55
11:08:54 AM, 141.33, 147.6194, 1.4272, 98, 23.13
11:08:55 AM, 141.52, 147.4196, 1.4174, 102, 26.44
11:08:56 AM, 141.52, 147.4196, 1.4272, 98, 22.94
11:08:57 AM, 141.33, 147.6194, 1.4272, 102, 22.16
11:08:58 AM, 141.52, 147.0201, 1.4467, 98, 22.55
11:08:59 AM, 141.52, 147.4196, 1.4027, 98, 22.94
11:09:00 AM, 141.72, 147.4196, 1.3930, 102, 22.94
11:09:01 AM, 141.91, 147.4196, 1.3978, 98, 23.33
11:09:02 AM, 142.11, 147.8192, 1.3978, 102, 22.94
11:09:03 AM, 142.11, 148.2187, 1.3783, 102, 22.94
11:09:04 AM, 142.11, 149.2174, 1.3685, 102, 22.94
11:09:05 AM, 141.72, 149.4172, 1.3245, 98, 22.94
11:09:06 AM, 141.52, 147.8192, 1.3881, 102, 22.74
11:09:07 AM, 141.52, 147.4196, 1.4272, 98, 22.94
11:09:08 AM, 141.72, 147.4196, 1.3930, 98, 22.16
11:09:09 AM, 141.91, 147.6194, 1.3978, 102, 22.94
11:09:10 AM, 142.11, 147.8192, 1.3930, 98, 22.74
11:09:11 AM, 142.11, 148.0189, 1.3490, 102, 23.33
11:09:12 AM, 141.91, 148.0189, 1.3636, 98, 22.94
11:09:13 AM, 141.52, 147.8192, 1.3978, 102, 22.16
11:09:14 AM, 141.52, 147.4196, 1.4174, 102, 22.36
11:09:15 AM, 141.72, 147.4196, 1.4174, 98, 22.94
11:09:16 AM, 141.91, 147.6194, 1.4174, 102, 22.55
11:09:17 AM, 141.91, 148.2187, 1.3587, 102, 22.94
11:09:18 AM, 141.52, 147.8192, 1.3734, 98, 23.13
11:09:19 AM, 141.72, 147.4196, 1.3881, 98, 22.74
11:09:20 AM, 141.91, 147.4196, 1.4076, 102, 22.55
11:09:21 AM, 142.11, 148.0189, 1.3930, 98, 22.94
11:09:22 AM, 142.11, 147.8192, 1.3636, 102, 23.33
11:09:23 AM, 142.11, 147.8192, 1.3636, 98, 23.13
11:09:24 AM, 141.72, 148.0189, 1.3783, 102, 22.16
11:09:25 AM, 141.72, 147.4196, 1.4174, 98, 22.74
11:09:26 AM, 141.72, 147.4196, 1.3978, 102, 22.55
11:09:27 AM, 141.72, 147.6194, 1.3978, 98, 22.94
11:09:28 AM, 141.72, 147.6194, 1.3783, 98, 23.52
11:09:29 AM, 141.52, 147.4196, 1.3636, 102, 22.55
11:09:30 AM, 141.72, 147.4196, 1.4174, 98, 23.52
11:09:31 AM, 141.91, 147.6194, 1.4174, 98, 23.13
11:09:32 AM, 142.11, 148.2187, 1.3685, 98, 22.74
11:09:33 AM, 142.11, 148.0189, 1.3587, 102, 23.52
11:09:34 AM, 141.91, 148.2187, 1.3343, 102, 22.94
11:09:35 AM, 141.91, 147.8192, 1.3881, 98, 22.74
11:09:36 AM, 141.91, 147.8192, 1.3881, 98, 22.36
11:09:37 AM, 141.91, 147.4196, 1.3783, 102, 22.36
11:09:38 AM, 141.91, 147.8192, 1.3539, 98, 23.33
11:09:39 AM, 141.91, 147.8192, 1.3832, 102, 22.74
11:09:40 AM, 141.72, 147.8192, 1.3783, 98, 22.94
11:09:41 AM, 141.52, 147.4196, 1.3881, 102, 22.94
11:09:42 AM, 141.72, 147.6194, 1.4027, 98, 22.74
11:09:43 AM, 141.91, 147.4196, 1.4125, 102, 22.55
11:09:44 AM, 141.91, 147.8192, 1.3685, 98, 22.55
11:09:45 AM, 142.11, 147.4196, 1.3930, 102, 22.16
11:09:46 AM, 142.11, 148.6182, 1.3587, 98, 22.16
11:09:47 AM, 141.72, 148.0189, 1.3392, 98, 23.13
11:09:48 AM, 141.33, 147.8192, 1.3978, 98, 22.16
11:09:49 AM, 141.33, 147.0201, 1.4076, 102, 22.94
11:09:50 AM, 141.52, 147.0201, 1.4467, 98, 22.55
11:09:51 AM, 141.52, 147.4196, 1.3930, 102, 22.74
11:09:52 AM, 141.52, 147.4196, 1.3978, 98, 22.74
11:09:53 AM, 141.52, 147.2199, 1.4076, 102, 22.94
11:09:54 AM, 141.33, 147.4196, 1.4272, 102, 21.58
11:09:55 AM, 141.33, 147.0201, 1.4467, 98, 22.36
11:09:56 AM, 141.33, 146.8204, 1.4516, 98, 22.55
11:09:57 AM, 141.52, 146.8204, 1.4418, 102, 22.16
11:09:58 AM, 141.72, 147.4196, 1.4076, 98, 22.55
11:09:59 AM, 141.72, 147.4196, 1.4027, 102, 22.55
11:10:00 AM, 141.72, 147.4196, 1.4027, 98, 21.58
11:10:01 AM, 141.72, 147.4196, 1.4027, 98, 22.55
11:10:02 AM, 141.33, 146.8204, 1.4321, 98, 22.16
11:10:03 AM, 141.33, 146.8204, 1.4370, 98, 22.36
11:10:04 AM, 141.52, 146.6206, 1.4272, 102, 23.13
11:10:05 AM, 141.72, 147.4196, 1.4174, 98, 22.94
11:10:06 AM, 141.72, 147.4196, 1.3832, 98, 21.97
11:10:07 AM, 141.52, 147.6194, 1.3930, 102, 22.55
11:10:08 AM, 141.33, 147.0201, 1.4174, 98, 22.16
11:10:09 AM, 141.33, 146.8204, 1.4370, 102, 22.55
11:10:10 AM, 141.52, 146.6206, 1.4223, 102, 22.74
11:10:11 AM, 141.52, 147.4196, 1.3783, 98, 22.16
11:10:12 AM, 141.52, 147.2199, 1.4076, 102, 22.16
11:10:13 AM, 141.52, 147.0201, 1.4516, 102, 22.74
11:10:14 AM, 141.33, 147.4196, 1.3783, 98, 21.58
11:10:15 AM, 141.52, 147.0201, 1.4418, 98, 22.55
11:10:16 AM, 141.52, 147.4196, 1.3930, 102, 22.55
11:10:17 AM, 141.72, 147.4196, 1.3734, 98, 21.58
11:10:18 AM, 141.72, 147.4196, 1.3881, 102, 22.74
11:10:19 AM, 141.72, 147.4196, 1.4174, 98, 22.36
11:10:20 AM, 141.52, 147.4196, 1.3881, 98, 21.58
11:10:21 AM, 141.33, 147.4196, 1.3978, 102, 22.55
11:10:22 AM, 141.52, 147.0201, 1.4076, 98, 22.55
11:10:23 AM, 141.72, 147.2199, 1.4076, 98, 22.55
11:10:24 AM, 141.91, 146.8204, 1.4027, 98, 22.55
11:10:25 AM, 142.11, 147.4196, 1.3881, 98, 22.94
11:10:26 AM, 142.11, 147.8192, 1.3685, 102, 22.16
11:10:27 AM, 141.72, 150.2162, 1.3636, 98, 22.36
11:10:28 AM, 141.33, 147.4196, 1.4076, 98, 22.55
11:10:29 AM, 141.52, 147.2199, 1.4321, 102, 22.16
11:10:30 AM, 141.72, 147.2199, 1.4174, 98, 22.36
11:10:31 AM, 141.91, 147.4196, 1.3734, 102, 22.36
11:10:32 AM, 141.72, 147.6194, 1.3978, 98, 22.36
11:10:33 AM, 141.33, 147.4196, 1.3978, 98, 22.74
11:10:34 AM, 141.33, 146.8204, 1.4467, 98, 20.61
11:10:35 AM, 141.52, 146.8204, 1.4370, 102, 21.77
11:10:36 AM, 141.72, 147.0201, 1.4125, 98, 23.13
11:10:37 AM, 141.91, 147.8192, 1.3978, 98, 21.58
11:10:38 AM, 141.91, 147.6194, 1.3734, 98, 22.55
11:10:39 AM, 142.11, 148.0189, 1.3636, 102, 22.16
11:10:40 AM, 141.72, 147.8192, 1.3734, 98, 22.55
11:10:41 AM, 141.52, 147.4196, 1.4027, 98, 22.36
11:10:42 AM, 141.72, 147.0201, 1.4174, 102, 22.16
11:10:43 AM, 141.91, 146.6206, 1.4027, 98, 22.94
11:10:44 AM, 142.11, 147.6194, 1.3978, 102, 22.16
11:10:45 AM, 142.11, 147.8192, 1.3783, 102, 22.36
11:10:46 AM, 142.11, 147.8192, 1.3587, 102, 23.13
11:10:47 AM, 141.91, 147.8192, 1.3587, 98, 22.55
11:10:48 AM, 142.11, 147.8192, 1.3783, 98, 22.36
11:10:49 AM, 142.11, 147.6194, 1.3685, 102, 21.38
11:10:50 AM, 142.11, 150.4160, 1.3245, 98, 22.94
11:10:51 AM, 142.11, 147.4196, 1.3636, 98, 22.94
11:10:52 AM, 142.11, 147.4196, 1.3636, 102, 22.74
11:10:53 AM, 141.91, 148.2187, 1.3392, 98, 22.55
11:10:54 AM, 141.72, 147.2199, 1.4027, 98, 22.94
11:10:55 AM, 141.72, 147.4196, 1.3832, 98, 23.13
11:10:56 AM, 141.72, 147.4196, 1.3978, 102, 22.55
11:10:57 AM, 141.33, 147.4196, 1.4076, 98, 23.13
11:10:58 AM, 141.13, 146.2211, 1.4467, 102, 22.94
11:10:59 AM, 141.33, 146.6206, 1.4614, 98, 22.55
11:11:00 AM, 141.33, 146.8204, 1.4467, 102, 22.74
11:11:01 AM, 141.72, 147.2199, 1.4076, 102, 22.94
11:11:02 AM, 141.72, 147.6194, 1.4027, 98, 22.16
11:11:03 AM, 141.52, 148.6182, 1.3734, 98, 22.36
11:11:04 AM, 141.52, 147.2199, 1.4174, 102, 22.94
11:11:05 AM, 141.52, 147.0201, 1.4174, 98, 22.55
11:11:06 AM, 141.52, 146.8204, 1.4174, 98, 22.36
11:11:07 AM, 141.72, 147.2199, 1.4272, 102, 22.74
11:11:08 AM, 142.11, 147.6194, 1.3881, 102, 22.16
11:11:09 AM, 142.11, 147.4196, 1.3392, 98, 22.74
11:11:10 AM, 142.11, 147.8192, 1.3636, 98, 21.58
11:11:11 AM, 142.11, 147.8192, 1.3636, 102, 22.94
11:11:12 AM, 141.72, 147.8192, 1.3343, 98, 22.74
11:11:13 AM, 141.52, 147.4196, 1.3978, 102, 22.16
11:11:14 AM, 141.72, 147.4196, 1.3978, 98, 23.13
11:11:15 AM, 141.91, 147.0201, 1.4174, 98, 22.55
11:11:16 AM, 141.72, 147.4196, 1.3978, 98, 22.55
11:11:17 AM, 141.33, 146.8204, 1.4076, 102, 22.94
11:11:18 AM, 141.33, 146.6206, 1.4370, 98, 22.55
11:11:19 AM, 141.52, 146.6206, 1.4370, 98, 22.94
11:11:20 AM, 141.52, 146.6206, 1.3978, 102, 23.13
11:11:21 AM, 141.52, 147.0201, 1.4174, 98, 22.36
11:11:22 AM, 141.52, 147.0201, 1.4125, 98, 23.13
11:11:23 AM, 141.33, 146.8204, 1.4272, 98, 23.13
11:11:24 AM, 141.52, 146.6206, 1.4418, 102, 23.33
11:11:25 AM, 141.72, 147.0201, 1.4223, 98, 23.13
11:11:26 AM, 141.72, 147.2199, 1.4027, 102, 22.74
11:11:27 AM, 141.52, 147.6194, 1.3930, 98, 23.33
11:11:28 AM, 141.33, 146.8204, 1.4223, 102, 22.55
11:11:29 AM, 141.33, 146.8204, 1.4223, 98, 22.74
11:11:30 AM, 141.52, 146.8204, 1.4174, 102, 22.55
11:11:31 AM, 141.72, 147.4196, 1.4027, 102, 22.55
11:11:32 AM, 141.72, 146.6206, 1.3978, 98, 22.55
11:11:33 AM, 141.72, 147.4196, 1.4027, 102, 22.94
11:11:34 AM, 141.52, 147.4196, 1.3930, 98, 26.63
11:11:35 AM, 141.33, 147.2199, 1.4174, 98, 21.58
11:11:36 AM, 141.33, 147.0201, 1.4370, 102, 21.38
11:11:37 AM, 141.33, 146.6206, 1.4370, 98, 22.74
11:11:38 AM, 141.52, 147.0201, 1.4272, 98, 22.94
11:11:39 AM, 141.52, 147.0201, 1.3978, 102, 21.58
11:11:40 AM, 141.52, 147.0201, 1.4125, 98, 22.74
11:11:41 AM, 141.33, 148.6182, 1.4223, 98, 22.16
11:11:42 AM, 141.52, 146.6206, 1.4418, 98, 22.55
11:11:43 AM, 141.52, 147.2199, 1.4076, 102, 22.16
11:11:44 AM, 141.72, 147.4196, 1.3881, 98, 26.63
11:11:45 AM, 142.11, 147.0201, 1.3978, 102, 23.13
11:11:46 AM, 142.11, 147.8192, 1.3783, 98, 22.94
11:11:47 AM, 142.11, 147.8192, 1.3685, 98, 22.94
11:11:48 AM, 142.11, 147.8192, 1.3490, 102, 22.16
11:11:49 AM, 141.72, 148.0189, 1.3343, 98, 23.13
11:11:50 AM, 141.91, 147.2199, 1.3978, 98, 22.55
11:11:51 AM, 142.11, 147.6194, 1.3636, 102, 22.55
11:11:52 AM, 142.11, 147.8192, 1.3587, 98, 22.16
11:11:53 AM, 141.91, 148.0189, 1.3685, 102, 22.74
11:11:54 AM, 141.91, 147.4196, 1.3881, 102, 21.97
11:11:55 AM, 141.72, 147.4196, 1.4174, 98, 22.74
11:11:56 AM, 141.91, 147.4196, 1.4027, 98, 22.55
11:11:57 AM, 141.91, 147.4196, 1.3930, 98, 22.36
11:11:58 AM, 141.72, 147.4196, 1.3783, 98, 22.55
11:11:59 AM, 141.72, 147.2199, 1.4174, 102, 22.94
11:12:00 AM, 141.52, 149.6170, 1.4272, 98, 22.55
11:12:01 AM, 141.72, 147.2199, 1.4076, 98, 22.94
11:12:02 AM, 141.72, 147.2199, 1.3881, 102, 22.94
11:12:03 AM, 141.72, 147.2199, 1.4027, 98, 21.58
11:12:04 AM, 141.72, 147.4196, 1.4027, 98, 22.94
11:12:05 AM, 141.33, 147.0201, 1.3978, 102, 22.16
11:12:06 AM, 141.33, 147.0201, 1.4125, 102, 22.55
11:12:07 AM, 141.72, 147.2199, 1.4174, 98, 22.55
11:12:08 AM, 141.91, 147.4196, 1.3881, 102, 22.74
11:12:09 AM, 142.11, 147.6194, 1.3881, 98, 22.94
11:12:10 AM, 141.91, 147.6194, 1.2952, 98, 21.58
11:12:11 AM, 141.52, 147.4196, 1.3881, 102, 25.27
11:12:12 AM, 141.52, 147.0201, 1.3930, 98, 22.74
11:12:13 AM, 141.72, 147.4196, 1.4076, 98, 22.94
11:12:14 AM, 141.91, 147.4196, 1.3930, 98, 22.74
11:12:15 AM, 142.11, 147.4196, 1.3685, 98, 22.94
11:12:16 AM, 142.11, 149.4172, 1.3685, 102, 22.36
11:12:17 AM, 142.11, 147.6194, 1.3734, 102, 22.55
11:12:18 AM, 141.91, 147.8192, 1.3685, 98, 22.74
11:12:19 AM, 141.91, 147.6194, 1.3636, 102, 22.55
11:12:20 AM, 142.11, 147.4196, 1.3881, 98, 22.55
11:12:21 AM, 142.11, 147.6194, 1.3441, 98, 22.16
11:12:22 AM, 142.11, 147.8192, 1.3685, 98, 22.16
11:12:23 AM, 141.72, 147.8192, 1.3636, 98, 23.13
11:12:24 AM, 141.52, 147.4196, 1.3978, 102, 27.02
11:12:25 AM, 141.72, 147.4196, 1.4223, 98, 22.55
11:12:26 AM, 141.72, 147.0201, 1.3978, 98, 22.94
11:12:27 AM, 141.72, 146.6206, 1.4125, 102, 22.94
11:12:28 AM, 141.72, 147.2199, 1.4027, 102, 22.74
11:12:29 AM, 141.72, 147.2199, 1.4174, 98, 22.55
11:12:30 AM, 141.33, 147.0201, 1.4223, 98, 22.94
11:12:31 AM, 141.52, 146.6206, 1.4272, 98, 22.36
11:12:32 AM, 141.72, 147.2199, 1.4076, 102, 22.55
11:12:33 AM, 141.72, 147.4196, 1.3930, 98, 22.74
11:12:34 AM, 141.72, 147.0201, 1.4027, 98, 22.94
11:12:35 AM, 141.72, 147.0201, 1.3881, 102, 22.55
11:12:36 AM, 141.52, 147.2199, 1.4076, 98, 23.52
11:12:37 AM, 141.52, 147.4196, 1.3930, 102, 22.74
11:12:38 AM, 141.72, 147.0201, 1.4174, 98, 22.55
11:12:39 AM, 141.91, 147.2199, 1.3881, 98, 23.52
11:12:40 AM, 141.91, 147.4196, 1.3685, 102, 22.36
11:12:41 AM, 141.72, 147.4196, 1.3881, 98, 22.94
11:12:42 AM, 141.91, 147.2199, 1.4076, 102, 22.55
11:12:43 AM, 141.72, 147.4196, 1.3539, 102, 22.36
11:12:44 AM, 142.11, 147.4196, 1.3930, 98, 22.94
11:12:45 AM, 142.11, 147.8192, 1.3587, 98, 22.74
11:12:46 AM, 142.11, 147.8192, 1.3734, 102, 22.94
11:12:47 AM, 142.11, 147.8192, 1.3490, 98, 22.94
11:12:48 AM, 141.72, 147.8192, 1.3636, 98, 22.36
11:12:49 AM, 141.91, 147.4196, 1.3978, 102, 22.94
11:12:50 AM, 141.91, 147.4196, 1.3881, 98, 22.55
11:12:51 AM, 141.91, 147.4196, 1.3636, 98, 22.55
11:12:52 AM, 141.91, 147.4196, 1.3978, 102, 27.60
11:12:53 AM, 141.72, 147.4196, 1.3685, 98, 21.97
11:12:54 AM, 141.91, 147.0201, 1.4027, 102, 22.55
11:12:55 AM, 141.72, 147.4196, 1.3832, 98, 22.74
11:12:56 AM, 141.91, 147.4196, 1.4174, 98, 22.94
11:12:57 AM, 141.91, 147.4196, 1.3832, 98, 22.16
11:12:58 AM, 141.91, 147.4196, 1.3930, 98, 23.13
11:12:59 AM, 141.91, 148.6182, 1.3881, 98, 22.74
11:13:00 AM, 141.52, 147.4196, 1.3734, 102, 23.13
11:13:01 AM, 141.33, 147.0201, 1.4076, 98, 22.16
11:13:02 AM, 141.52, 146.8204, 1.4370, 98, 22.94
11:13:03 AM, 141.52, 146.6206, 1.4076, 102, 22.94
11:13:04 AM, 141.72, 147.0201, 1.4370, 98, 22.55
11:13:05 AM, 141.72, 147.6194, 1.4125, 98, 22.94
11:13:06 AM, 141.72, 147.0201, 1.4174, 102, 22.94
11:13:07 AM, 141.52, 147.4196, 1.3783, 98, 22.74
11:13:08 AM, 141.72, 147.0201, 1.4223, 98, 22.36
11:13:09 AM, 141.52, 147.4196, 1.4027, 102, 22.16
11:13:10 AM, 141.72, 146.2211, 1.4027, 102, 22.55
11:13:11 AM, 141.91, 147.4196, 1.3881, 102, 22.74
11:13:12 AM, 142.11, 147.4196, 1.3636, 102, 22.36
11:13:13 AM, 142.11, 147.8192, 1.3685, 98, 22.16
11:13:14 AM, 142.11, 147.8192, 1.3636, 98, 22.16
11:13:15 AM, 141.91, 147.8192, 1.3636, 98, 22.74
11:13:16 AM, 141.91, 147.4196, 1.4027, 98, 22.16
11:13:17 AM, 142.11, 147.4196, 1.3636, 98, 22.94
11:13:18 AM, 142.11, 148.6182, 1.3636, 98, 22.16
11:13:19 AM, 142.11, 147.8192, 1.3636, 98, 22.74
11:13:20 AM, 142.11, 148.0189, 1.3587, 98, 22.94
11:13:21 AM, 141.72, 148.0189, 1.3441, 98, 22.55
11:13:22 AM, 141.52, 147.8192, 1.3978, 98, 22.36
11:13:23 AM, 141.72, 147.8192, 1.3978, 102, 21.77
11:13:24 AM, 141.91, 147.2199, 1.4125, 102, 22.74
11:13:25 AM, 142.11, 147.0201, 1.3685, 102, 22.74
11:13:26 AM, 142.11, 147.2199, 1.3636, 98, 22.16
11:13:27 AM, 142.11, 147.8192, 1.3490, 98, 22.74
11:13:28 AM, 141.72, 147.6194, 1.3978, 102, 21.58
11:13:29 AM, 141.13, 146.6206, 1.4223, 102, 22.74
11:13:30 AM, 141.33, 146.4209, 1.4467, 102, 22.55
11:13:31 AM, 141.52, 146.2211, 1.4467, 98, 22.55
11:13:32 AM, 141.72, 147.4196, 1.4174, 102, 22.36
11:13:33 AM, 141.72, 146.8204, 1.4076, 98, 22.55
11:13:34 AM, 141.72, 148.6182, 1.4076, 98, 22.55
11:13:35 AM, 141.52, 147.2199, 1.4076, 102, 22.94
11:13:36 AM, 141.52, 147.2199, 1.3978, 102, 22.36
11:13:37 AM, 141.72, 148.6182, 1.4174, 98, 21.77
11:13:38 AM, 141.72, 147.2199, 1.4027, 98, 21.97
11:13:39 AM, 141.72, 147.2199, 1.3978, 102, 22.36
11:13:40 AM, 141.72, 147.0201, 1.3978, 98, 23.13
11:13:41 AM, 141.72, 147.2199, 1.4174, 98, 22.94
11:13:42 AM, 141.52, 147.2199, 1.3978, 102, 22.74
11:13:43 AM, 141.52, 147.0201, 1.4174, 98, 23.52
11:13:44 AM, 141.72, 146.2211, 1.3930, 102, 22.55
11:13:45 AM, 141.91, 147.4196, 1.3636, 98, 22.94
11:13:46 AM, 141.91, 146.8204, 1.3881, 102, 22.16
11:13:47 AM, 141.72, 147.4196, 1.3881, 98, 22.94
11:13:48 AM, 141.33, 147.4196, 1.3881, 98, 22.16
11:13:49 AM, 141.33, 146.6206, 1.4174, 102, 22.94
11:13:50 AM, 141.52, 147.0201, 1.4174, 98, 22.55
11:13:51 AM, 141.72, 147.4196, 1.3881, 102, 22.74
11:13:52 AM, 141.72, 147.4196, 1.3881, 98, 22.74
11:13:53 AM, 141.72, 147.2199, 1.4076, 98, 22.94
11:13:54 AM, 141.52, 146.6206, 1.4076, 102, 22.55
11:13:55 AM, 141.72, 147.0201, 1.4174, 98, 22.94
11:13:56 AM, 141.91, 147.2199, 1.3930, 102, 22.94
11:13:57 AM, 142.11, 147.4196, 1.3881, 98, 22.36
11:13:58 AM, 142.11, 147.6194, 1.3783, 98, 23.13
11:13:59 AM, 142.11, 147.8192, 1.3783, 98, 22.94
11:14:00 AM, 142.11, 148.2187, 1.3490, 98, 26.24
11:14:01 AM, 141.91, 147.8192, 1.3636, 98, 22.94
11:14:02 AM, 141.72, 146.8204, 1.3978, 98, 22.16
11:14:03 AM, 141.91, 147.2199, 1.4076, 98, 22.74
11:14:04 AM, 142.11, 147.4196, 1.3685, 102, 23.13
11:14:05 AM, 142.11, 147.8192, 1.3587, 98, 22.16
11:14:06 AM, 142.30, 147.8192, 1.3490, 98, 22.74
11:14:07 AM, 141.91, 147.8192, 1.3587, 98, 22.55
11:14:08 AM, 141.52, 146.8204, 1.4027, 102, 22.94
11:14:09 AM, 141.33, 146.8204, 1.4027, 98, 23.33
11:14:10 AM, 141.52, 146.6206, 1.4467, 98, 22.94
11:14:11 AM, 141.72, 147.4196, 1.3978, 98, 23.91
11:14:12 AM, 141.72, 147.0201, 1.4027, 98, 23.13
11:14:13 AM, 141.72, 147.2199, 1.3978, 98, 22.55
11:14:14 AM, 141.52, 147.2199, 1.4027, 102, 22.94
11:14:15 AM, 141.33, 146.6206, 1.4125, 98, 22.94
11:14:16 AM, 141.33, 146.6206, 1.4174, 102, 22.55
11:14:17 AM, 141.52, 146.6206, 1.4223, 98, 22.55
11:14:18 AM, 141.72, 147.0201, 1.4272, 98, 22.94
11:14:19 AM, 141.72, 150.2162, 1.4125, 102, 23.13
11:14:20 AM, 141.13, 146.6206, 1.4516, 102, 22.16
11:14:21 AM, 141.33, 146.6206, 1.4272, 98, 22.36
11:14:22 AM, 141.52, 146.6206, 1.4125, 102, 22.55
11:14:23 AM, 141.72, 146.8204, 1.4125, 98, 22.94
11:14:24 AM, 141.72, 147.0201, 1.3881, 102, 23.13
11:14:25 AM, 141.72, 147.0201, 1.4125, 98, 22.55
11:14:26 AM, 141.72, 147.0201, 1.4125, 102, 22.55
11:14:27 AM, 141.33, 147.6194, 1.3881, 98, 22.55
11:14:28 AM, 141.13, 146.0214, 1.4516, 98, 22.16
11:14:29 AM, 141.33, 146.6206, 1.4565, 98, 22.36
11:14:30 AM, 141.52, 146.4209, 1.4370, 98, 22.16
11:14:31 AM, 141.72, 147.0201, 1.4027, 98, 22.55
11:14:32 AM, 141.72, 146.8204, 1.4027, 102, 22.55
11:14:33 AM, 141.72, 147.0201, 1.4076, 98, 22.55
11:14:34 AM, 141.33, 147.0201, 1.4076, 102, 22.55
11:14:35 AM, 141.72, 146.8204, 1.4174, 98, 22.94
11:14:36 AM, 141.91, 147.0201, 1.3734, 102, 22.36
11:14:37 AM, 141.91, 147.4196, 1.3881, 98, 22.74
11:14:38 AM, 141.91, 147.6194, 1.3783, 102, 23.13
11:14:39 AM, 141.91, 147.4196, 1.3685, 98, 22.36
11:14:40 AM, 141.72, 147.4196, 1.3881, 98, 22.55
11:14:41 AM, 141.33, 147.0201, 1.3881, 102, 21.97
11:14:42 AM, 141.52, 146.6206, 1.4467, 98, 22.55
11:14:43 AM, 141.91, 147.0201, 1.3930, 98, 22.94
11:14:44 AM, 142.11, 146.6206, 1.3881, 98, 22.94
11:14:45 AM, 142.11, 147.6194, 1.3685, 102, 22.55
11:14:46 AM, 142.11, 147.8192, 1.3636, 98, 22.55
11:14:47 AM, 142.11, 146.8204, 1.3441, 102, 22.55
11:14:48 AM, 142.11, 147.8192, 1.3685, 98, 22.16
11:14:49 AM, 141.72, 147.8192, 1.3539, 98, 22.94
11:14:50 AM, 141.72, 147.0201, 1.4125, 98, 22.16
11:14:51 AM, 141.91, 147.0201, 1.4076, 102, 22.55
11:14:52 AM, 142.11, 147.4196, 1.3832, 98, 22.94
11:14:53 AM, 142.11, 147.6194, 1.3441, 98, 22.55
11:14:54 AM, 142.11, 147.6194, 1.3636, 102, 22.55
11:14:55 AM, 141.91, 147.6194, 1.3343, 98, 22.74
11:14:56 AM, 141.72, 147.0201, 1.3881, 102, 23.13
11:14:57 AM, 141.72, 148.6182, 1.3881, 102, 21.77
11:14:58 AM, 141.91, 146.8204, 1.4174, 98, 22.36
11:14:59 AM, 141.91, 147.4196, 1.3881, 98, 22.55
11:15:00 AM, 141.91, 147.0201, 1.3881, 102, 23.13
11:15:01 AM, 141.72, 147.2199, 1.3881, 98, 21.58
11:15:02 AM, 141.52, 147.0201, 1.4125, 102, 23.72
11:15:03 AM, 141.72, 146.6206, 1.4174, 98, 22.74
11:15:04 AM, 141.72, 147.8192, 1.4027, 98, 21.58
11:15:05 AM, 141.72, 148.8179, 1.4027, 98, 22.94
11:15:06 AM, 141.52, 147.0201, 1.3978, 98, 22.36
11:15:07 AM, 141.72, 147.0201, 1.3978, 102, 21.97
11:15:08 AM, 141.91, 147.0201, 1.4076, 98, 21.97
11:15:09 AM, 141.72, 147.2199, 1.3881, 102, 22.36
11:15:10 AM, 141.91, 147.4196, 1.4027, 98, 26.05
11:15:11 AM, 142.11, 147.4196, 1.3783, 98, 22.16
11:15:12 AM, 142.11, 147.6194, 1.3636, 98, 23.13
11:15:13 AM, 142.11, 147.6194, 1.3636, 102, 22.94
11:15:14 AM, 141.72, 147.6194, 1.3636, 98, 22.36
11:15:15 AM, 141.52, 147.0201, 1.3881, 102, 22.74
11:15:16 AM, 141.72, 146.8204, 1.4174, 98, 24.30
11:15:17 AM, 141.91, 147.2199, 1.4174, 102, 22.74
11:15:18 AM, 142.11, 147.8192, 1.3685, 98, 22.16
11:15:19 AM, 142.11, 147.4196, 1.3343, 98, 21.58
11:15:20 AM, 141.52, 147.4196, 1.3978, 98, 22.94
11:15:21 AM, 141.33, 146.4209, 1.4076, 102, 22.55
11:15:22 AM, 141.52, 146.0214, 1.4027, 98, 22.74
11:15:23 AM, 141.72, 146.8204, 1.4174, 102, 22.16
11:15:24 AM, 141.91, 147.0201, 1.3978, 98, 23.13
11:15:25 AM, 142.11, 147.6194, 1.3930, 102, 22.55
11:15:26 AM, 142.11, 147.4196, 1.3587, 98, 23.13
11:15:27 AM, 141.72, 147.4196, 1.3587, 102, 23.13
11:15:28 AM, 141.33, 147.0201, 1.3978, 98, 22.94
11:15:29 AM, 141.52, 146.4209, 1.4370, 102, 21.97
11:15:30 AM, 141.72, 146.8204, 1.4223, 98, 22.16
11:15:31 AM, 141.91, 147.0201, 1.4076, 102, 22.74
11:15:32 AM, 142.11, 147.4196, 1.3881, 98, 22.36
11:15:33 AM, 141.91, 148.6182, 1.3636, 102, 22.36
11:15:34 AM, 141.33, 147.0201, 1.3930, 98, 23.13
11:15:35 AM, 141.33, 146.8204, 1.4370, 102, 22.94
11:15:36 AM, 141.52, 146.4209, 1.4467, 102, 22.94
11:15:37 AM, 141.72, 146.8204, 1.3881, 98, 21.58
11:15:38 AM, 141.72, 147.8192, 1.3978, 102, 22.36
11:15:39 AM, 141.72, 147.0201, 1.4174, 98, 22.55
11:15:40 AM, 141.72, 147.0201, 1.4076, 98, 21.58
11:15:41 AM, 141.52, 147.0201, 1.4174, 102, 22.55
11:15:42 AM, 141.72, 147.0201, 1.4174, 98, 21.58
11:15:43 AM, 141.91, 146.6206, 1.3978, 102, 22.74
11:15:44 AM, 142.11, 148.6182, 1.3881, 98, 22.16
11:15:45 AM, 142.11, 147.8192, 1.3490, 102, 22.74
11:15:46 AM, 142.11, 147.4196, 1.3832, 98, 22.94
11:15:47 AM, 141.91, 147.6194, 1.3832, 98, 22.94
11:15:48 AM, 141.91, 147.2199, 1.3734, 102, 22.74
11:15:49 AM, 142.11, 147.4196, 1.3783, 98, 23.33
11:15:50 AM, 142.11, 147.4196, 1.3490, 102, 20.22
11:15:51 AM, 142.11, 147.6194, 1.3587, 98, 22.94
11:15:52 AM, 142.11, 147.4196, 1.3636, 98, 22.94
11:15:53 AM, 142.11, 147.4196, 1.3685, 102, 22.55
11:15:54 AM, 142.11, 147.4196, 1.3441, 98, 23.13
11:15:55 AM, 141.91, 147.6194, 1.3636, 98, 23.13
11:15:56 AM, 141.72, 147.2199, 1.3832, 98, 22.55
11:15:57 AM, 142.11, 147.2199, 1.3978, 98, 22.74
11:15:58 AM, 142.11, 147.4196, 1.3783, 102, 22.74
11:15:59 AM, 142.11, 147.6194, 1.3832, 98, 22.94
11:16:00 AM, 141.91, 148.4184, 1.3685, 98, 23.52
11:16:01 AM, 141.52, 147.0201, 1.3978, 102, 22.74
11:16:02 AM, 141.72, 146.8204, 1.4272, 98, 22.94
11:16:03 AM, 141.91, 146.8204, 1.3881, 98, 22.94
11:16:04 AM, 142.11, 147.8192, 1.3734, 98, 23.33
11:16:05 AM, 142.11, 147.4196, 1.3539, 102, 22.36
11:16:06 AM, 142.11, 147.6194, 1.3441, 102, 23.13
11:16:07 AM, 141.91, 147.6194, 1.3490, 98, 22.94
11:16:08 AM, 141.72, 147.4196, 1.3881, 102, 23.91
11:16:09 AM, 141.91, 146.8204, 1.3734, 98, 21.58
11:16:10 AM, 142.11, 147.4196, 1.3734, 102, 22.74
11:16:11 AM, 142.11, 146.8204, 1.3685, 98, 22.55
11:16:12 AM, 142.11, 147.8192, 1.3539, 102, 23.33
11:16:13 AM, 142.11, 147.6194, 1.3490, 98, 22.94
11:16:14 AM, 142.11, 147.4196, 1.3490, 98, 23.13
11:16:15 AM, 141.91, 147.6194, 1.3587, 102, 22.55
11:16:16 AM, 141.72, 148.6182, 1.3587, 98, 23.33
11:16:17 AM, 141.72, 146.8204, 1.3734, 98, 23.33
11:16:18 AM, 141.91, 147.0201, 1.3881, 102, 23.13
11:16:19 AM, 141.91, 147.2199, 1.3978, 98, 22.36
11:16:20 AM, 141.91, 147.2199, 1.3881, 102, 23.33
11:16:21 AM, 141.72, 146.8204, 1.4027, 98, 23.33
11:16:22 AM, 141.33, 147.0201, 1.4174, 98, 22.94
11:16:23 AM, 141.33, 146.6206, 1.4272, 102, 22.94
11:16:24 AM, 141.33, 146.2211, 1.4467, 102, 22.74
11:16:25 AM, 141.52, 148.0189, 1.4418, 98, 22.74
11:16:26 AM, 141.52, 147.0201, 1.4076, 102, 22.94
11:16:27 AM, 141.33, 147.0201, 1.3881, 98, 23.13
11:16:28 AM, 141.52, 146.6206, 1.4125, 98, 22.94
11:16:29 AM, 141.72, 147.0201, 1.3930, 102, 23.13
11:16:30 AM, 141.91, 147.0201, 1.4174, 98, 22.94
11:16:31 AM, 141.91, 147.0201, 1.4027, 98, 22.94
11:16:32 AM, 141.91, 147.0201, 1.3978, 102, 22.94
11:16:33 AM, 141.91, 147.4196, 1.3587, 98, 22.74
11:16:34 AM, 141.72, 147.0201, 1.3734, 102, 22.94
11:16:35 AM, 141.91, 146.8204, 1.3783, 98, 23.33
11:16:36 AM, 142.11, 147.0201, 1.3881, 98, 23.33
11:16:37 AM, 142.11, 147.4196, 1.3783, 102, 22.36
11:16:38 AM, 142.11, 147.4196, 1.3636, 102, 23.33
11:16:39 AM, 142.11, 147.4196, 1.3636, 98, 23.13
11:16:40 AM, 141.91, 146.8204, 1.3783, 98, 22.55
11:16:41 AM, 141.91, 147.4196, 1.3930, 98, 22.55
11:16:42 AM, 141.91, 147.0201, 1.3978, 98, 22.94
11:16:43 AM, 142.11, 147.0201, 1.3881, 102, 22.94
11:16:44 AM, 142.11, 147.4196, 1.3587, 98, 21.58
11:16:45 AM, 142.11, 147.8192, 1.3685, 102, 22.55
11:16:46 AM, 142.11, 147.4196, 1.3930, 98, 21.58
11:16:47 AM, 142.11, 147.4196, 1.3636, 98, 23.13
11:16:48 AM, 141.91, 147.2199, 1.3587, 102, 21.77
11:16:49 AM, 141.72, 147.2199, 1.3734, 98, 23.52
11:16:50 AM, 141.91, 146.8204, 1.3978, 98, 23.72
11:16:51 AM, 142.11, 147.2199, 1.3930, 102, 22.55
11:16:52 AM, 142.11, 147.4196, 1.3587, 102, 22.55
11:16:53 AM, 142.11, 147.6194, 1.3636, 98, 23.33
11:16:54 AM, 142.11, 147.4196, 1.3490, 98, 23.33
11:16:55 AM, 142.11, 147.6194, 1.3587, 102, 23.33
11:16:56 AM, 141.72, 147.8192, 1.3930, 98, 21.97
11:16:57 AM, 141.91, 147.0201, 1.3783, 98, 23.13
11:16:58 AM, 141.91, 147.2199, 1.3636, 102, 22.94
11:16:59 AM, 141.91, 147.0201, 1.3881, 98, 23.13
11:17:00 AM, 141.72, 147.0201, 1.3930, 98, 23.13
11:17:01 AM, 141.33, 146.8204, 1.3978, 102, 22.94
11:17:02 AM, 141.33, 146.4209, 1.4125, 98, 23.52
11:17:03 AM, 141.52, 146.6206, 1.4272, 102, 22.55
11:17:04 AM, 141.52, 146.8204, 1.4321, 98, 23.33
11:17:05 AM, 141.52, 146.8204, 1.4223, 98, 22.94
11:17:06 AM, 141.33, 146.6206, 1.4223, 102, 22.74
11:17:07 AM, 141.33, 146.6206, 1.4223, 102, 23.33
11:17:08 AM, 141.33, 147.0201, 1.4370, 98, 23.13
11:17:09 AM, 141.52, 146.6206, 1.4174, 98, 23.13
11:17:10 AM, 141.91, 147.0201, 1.4027, 98, 22.36
11:17:11 AM, 142.11, 147.2199, 1.3832, 98, 23.33
11:17:12 AM, 142.11, 147.4196, 1.3832, 102, 23.33
11:17:13 AM, 142.11, 147.4196, 1.3783, 98, 22.94
11:17:14 AM, 142.11, 147.4196, 1.3685, 98, 22.94
11:17:15 AM, 142.11, 147.6194, 1.3734, 98, 22.55
11:17:16 AM, 142.11, 147.4196, 1.3734, 102, 22.94
11:17:17 AM, 142.11, 147.4196, 1.3685, 98, 22.74
11:17:18 AM, 141.52, 148.6182, 1.3685, 102, 23.13
11:17:19 AM, 141.72, 146.8204, 1.4076, 98, 22.74
11:17:20 AM, 141.91, 147.0201, 1.3636, 98, 22.94
11:17:21 AM, 142.11, 147.0201, 1.4027, 102, 22.94
11:17:22 AM, 141.91, 147.6194, 1.3636, 98, 21.58
11:17:23 AM, 141.72, 147.0201, 1.3734, 102, 22.36
11:17:24 AM, 141.33, 147.0201, 1.4174, 98, 22.74
11:17:25 AM, 141.72, 146.6206, 1.3636, 102, 22.94
11:17:26 AM, 141.91, 146.8204, 1.4027, 98, 22.36
11:17:27 AM, 141.91, 147.2199, 1.3978, 102, 22.16
11:17:28 AM, 141.72, 147.0201, 1.3734, 98, 23.13
11:17:29 AM, 141.72, 147.0201, 1.4027, 102, 22.36
11:17:30 AM, 141.72, 146.2211, 1.3832, 102, 22.74
11:17:31 AM, 141.91, 147.0201, 1.3881, 98, 22.55
11:17:32 AM, 142.11, 147.0201, 1.3978, 102, 24.88
11:17:33 AM, 142.11, 147.4196, 1.3392, 98, 22.94
11:17:34 AM, 142.11, 147.4196, 1.3636, 102, 23.33
11:17:35 AM, 141.91, 147.4196, 1.3636, 98, 22.94
11:17:36 AM, 141.72, 147.2199, 1.3881, 98, 23.33
11:17:37 AM, 141.52, 146.4209, 1.3978, 102, 22.55
11:17:38 AM, 141.72, 146.8204, 1.4174, 98, 23.52
11:17:39 AM, 141.72, 146.8204, 1.4076, 102, 22.55
11:17:40 AM, 141.72, 146.8204, 1.4125, 98, 22.55
11:17:41 AM, 141.33, 146.8204, 1.4027, 102, 23.13
11:17:42 AM, 141.33, 146.2211, 1.4418, 98, 22.94
11:17:43 AM, 141.52, 146.4209, 1.4467, 98, 22.55
11:17:44 AM, 141.72, 146.6206, 1.4076, 102, 23.13
11:17:45 AM, 141.72, 147.0201, 1.3881, 98, 22.74
11:17:46 AM, 141.72, 146.8204, 1.3978, 102, 22.94
11:17:47 AM, 141.72, 146.8204, 1.3832, 98, 22.16
11:17:48 AM, 141.52, 146.6206, 1.3734, 102, 22.36
11:17:49 AM, 141.72, 146.8204, 1.4027, 98, 21.58
11:17:50 AM, 141.91, 147.0201, 1.4076, 98, 22.36
11:17:51 AM, 142.11, 147.2199, 1.3881, 102, 22.55
11:17:52 AM, 142.11, 147.4196, 1.3734, 98, 22.55
11:17:53 AM, 142.11, 147.4196, 1.3685, 102, 22.94
11:17:54 AM, 141.91, 147.4196, 1.3685, 98, 20.80
11:17:55 AM, 141.72, 147.2199, 1.3881, 102, 22.74
11:17:56 AM, 141.72, 146.8204, 1.3734, 98, 22.94
11:17:57 AM, 141.91, 147.0201, 1.3734, 102, 22.36
11:17:58 AM, 142.11, 147.0201, 1.3685, 98, 22.94
11:17:59 AM, 142.11, 149.8167, 1.3245, 98, 22.94
11:18:00 AM, 142.11, 150.2162, 1.3685, 102, 23.13
11:18:01 AM, 142.11, 146.8204, 1.3881, 98, 22.55
11:18:02 AM, 142.11, 147.4196, 1.3783, 98, 22.94
11:18:03 AM, 141.72, 147.4196, 1.3685, 98, 22.94
11:18:04 AM, 141.33, 147.0201, 1.4027, 102, 22.16
11:18:05 AM, 141.33, 146.4209, 1.4516, 98, 22.94
11:18:06 AM, 141.33, 146.2211, 1.4272, 102, 22.55
11:18:07 AM, 141.52, 146.2211, 1.4370, 98, 22.94
11:18:08 AM, 141.33, 146.8204, 1.3881, 98, 22.55
11:18:09 AM, 141.52, 146.2211, 1.4076, 102, 22.55
11:18:10 AM, 141.13, 146.4209, 1.4418, 98, 22.94
11:18:11 AM, 141.33, 146.2211, 1.4418, 102, 23.13
11:18:12 AM, 141.33, 146.6206, 1.4467, 98, 22.55
11:18:13 AM, 141.33, 146.4209, 1.4565, 98, 22.74
11:18:14 AM, 141.52, 148.2187, 1.4467, 102, 23.13
11:18:15 AM, 141.52, 146.8204, 1.3881, 98, 22.36
11:18:16 AM, 141.33, 146.8204, 1.4174, 102, 22.74
11:18:17 AM, 141.33, 148.4184, 1.4370, 98, 22.36
11:18:18 AM, 141.52, 146.4209, 1.4418, 102, 22.36
11:18:19 AM, 141.52, 146.8204, 1.4174, 98, 23.52
11:18:20 AM, 141.33, 146.6206, 1.4174, 98, 23.13
11:18:21 AM, 141.33, 146.2211, 1.4125, 98, 22.55
11:18:22 AM, 141.13, 146.6206, 1.4272, 98, 22.94
11:18:23 AM, 141.33, 146.2211, 1.4467, 102, 22.55
11:18:24 AM, 141.52, 146.6206, 1.4174, 98, 22.94
11:18:25 AM, 141.33, 146.8204, 1.4174, 98, 23.72
11:18:26 AM, 141.33, 146.4209, 1.4467, 98, 22.74
11:18:27 AM, 141.33, 146.2211, 1.4223, 102, 23.13
11:18:28 AM, 141.52, 146.4209, 1.3978, 98, 22.94
11:18:29 AM, 141.72, 146.6206, 1.4027, 98, 22.55
11:18:30 AM, 141.91, 146.6206, 1.4125, 102, 22.74
11:18:31 AM, 141.91, 147.0201, 1.3881, 98, 22.94
11:18:32 AM, 141.72, 147.2199, 1.3881, 102, 23.33
11:18:33 AM, 141.52, 147.0201, 1.3783, 98, 23.33
11:18:34 AM, 141.52, 146.6206, 1.4174, 98, 22.55
11:18:35 AM, 141.72, 146.6206, 1.4125, 102, 23.52
11:18:36 AM, 141.91, 146.8204, 1.3978, 102, 22.74
11:18:37 AM, 141.91, 147.0201, 1.3783, 98, 22.55
11:18:38 AM, 141.91, 147.0201, 1.3881, 98, 23.13
11:18:39 AM, 141.52, 146.6206, 1.4223, 98, 22.94
11:18:40 AM, 141.52, 146.4209, 1.4174, 98, 21.97
11:18:41 AM, 141.52, 146.6206, 1.4174, 102, 22.16
11:18:42 AM, 141.72, 146.6206, 1.4321, 102, 22.74
11:18:43 AM, 141.72, 146.6206, 1.4125, 98, 22.16
11:18:44 AM, 141.72, 146.8204, 1.4076, 98, 22.16
11:18:45 AM, 141.72, 146.6206, 1.3978, 102, 22.94
11:18:46 AM, 141.72, 146.8204, 1.4076, 102, 21.38
11:18:47 AM, 142.11, 147.0201, 1.3587, 102, 23.13
11:18:48 AM, 142.11, 147.4196, 1.3587, 98, 22.55
11:18:49 AM, 142.11, 146.6206, 1.3685, 98, 22.16
11:18:50 AM, 142.11, 147.4196, 1.3490, 102, 23.13
11:18:51 AM, 141.91, 147.6194, 1.3685, 102, 21.97
11:18:52 AM, 141.72, 147.0201, 1.3978, 98, 22.36
11:18:53 AM, 141.91, 147.0201, 1.4027, 98, 22.55
11:18:54 AM, 142.11, 146.8204, 1.4027, 98, 22.94
11:18:55 AM, 142.11, 146.8204, 1.3685, 98, 22.36
11:18:56 AM, 141.91, 147.4196, 1.3490, 102, 23.13
11:18:57 AM, 141.72, 147.2199, 1.3881, 98, 22.55
11:18:58 AM, 141.91, 146.6206, 1.3978, 98, 22.55
11:18:59 AM, 142.11, 147.0201, 1.3881, 102, 22.36
11:19:00 AM, 142.30, 146.6206, 1.3685, 98, 23.13
11:19:01 AM, 141.91, 147.2199, 1.3587, 102, 22.74
11:19:02 AM, 141.91, 147.0201, 1.3881, 98, 22.94
11:19:03 AM, 141.91, 146.8204, 1.3930, 98, 22.36
11:19:04 AM, 142.11, 146.8204, 1.3881, 102, 22.55
11:19:05 AM, 142.11, 147.4196, 1.3636, 98, 22.94
11:19:06 AM, 142.11, 147.4196, 1.3539, 102, 26.05
11:19:07 AM, 142.11, 146.6206, 1.3539, 102, 23.33
11:19:08 AM, 141.91, 147.2199, 1.3392, 98, 22.94
11:19:09 AM, 141.91, 147.0201, 1.4076, 98, 26.83
11:19:10 AM, 141.91, 146.8204, 1.3930, 98, 22.94
11:19:11 AM, 141.91, 146.8204, 1.3930, 102, 22.94
11:19:12 AM, 141.91, 147.0201, 1.3734, 98, 23.33
11:19:13 AM, 141.91, 147.0201, 1.3881, 98, 23.13
11:19:14 AM, 141.72, 146.8204, 1.4076, 102, 22.55
11:19:15 AM, 141.33, 147.0201, 1.3881, 102, 23.33
11:19:16 AM, 141.52, 146.6206, 1.4174, 102, 22.94
11:19:17 AM, 141.72, 146.4209, 1.4076, 102, 22.55
11:19:18 AM, 141.91, 146.8204, 1.3930, 98, 22.55
11:19:19 AM, 141.91, 147.0201, 1.3783, 102, 22.74
11:19:20 AM, 141.72, 147.0201, 1.3734, 98, 22.94
11:19:21 AM, 141.33, 146.8204, 1.4076, 98, 23.13
11:19:22 AM, 141.52, 146.4209, 1.4516, 102, 22.55
11:19:23 AM, 141.91, 146.8204, 1.3978, 98, 23.13
11:19:24 AM, 141.91, 147.0201, 1.3930, 98, 22.94
11:19:25 AM, 141.72, 146.8204, 1.3881, 102, 22.55
11:19:26 AM, 141.52, 146.6206, 1.3783, 98, 23.13
11:19:27 AM, 141.72, 146.6206, 1.4223, 98, 23.13
11:19:28 AM, 141.91, 146.6206, 1.4174, 102, 22.94
11:19:29 AM, 141.91, 147.0201, 1.3636, 98, 22.74
11:19:30 AM, 142.11, 146.8204, 1.3881, 98, 22.16
11:19:31 AM, 142.30, 147.0201, 1.3490, 98, 23.13
11:19:32 AM, 142.11, 147.4196, 1.3539, 98, 22.16
11:19:33 AM, 141.91, 147.2199, 1.3685, 102, 23.13
11:19:34 AM, 141.72, 146.6206, 1.3930, 98, 25.66
11:19:35 AM, 141.91, 146.6206, 1.4174, 98, 22.55
11:19:36 AM, 141.91, 146.8204, 1.3930, 98, 23.13
11:19:37 AM, 141.91, 146.8204, 1.4027, 102, 23.13
11:19:38 AM, 141.91, 147.8192, 1.3978, 98, 22.16
11:19:39 AM, 141.52, 146.8204, 1.3930, 102, 22.94
11:19:40 AM, 141.33, 146.6206, 1.3978, 98, 22.94
11:19:41 AM, 141.33, 145.6218, 1.4467, 98, 22.55
11:19:42 AM, 141.52, 146.0214, 1.4076, 102, 22.74
11:19:43 AM, 141.72, 146.4209, 1.4125, 102, 22.55
11:19:44 AM, 141.72, 146.6206, 1.4076, 98, 23.13
11:19:45 AM, 141.72, 146.6206, 1.3832, 102, 22.36
11:19:46 AM, 141.33, 146.6206, 1.3881, 98, 23.13
11:19:47 AM, 141.13, 146.4209, 1.4370, 102, 23.91
11:19:48 AM, 141.13, 146.2211, 1.4272, 98, 23.33
11:19:49 AM, 141.33, 146.0214, 1.4663, 102, 22.36
11:19:50 AM, 141.52, 146.2211, 1.4418, 98, 23.13
11:19:51 AM, 141.33, 145.8216, 1.4076, 98, 23.13
11:19:52 AM, 141.52, 146.4209, 1.4076, 102, 23.13
11:19:53 AM, 141.33, 146.2211, 1.4174, 98, 22.74
11:19:54 AM, 141.52, 146.2211, 1.4858, 102, 22.55
11:19:55 AM, 141.72, 146.6206, 1.4174, 98, 21.97
11:19:56 AM, 141.72, 146.6206, 1.4125, 102, 23.13
11:19:57 AM, 141.72, 147.0201, 1.4076, 98, 22.94
11:19:58 AM, 141.52, 146.8204, 1.3930, 98, 22.16
11:19:59 AM, 141.33, 146.6206, 1.4174, 102, 22.16
11:20:00 AM, 141.52, 146.0214, 1.4125, 102, 22.36
11:20:01 AM, 141.72, 146.6206, 1.4174, 98, 22.74
11:20:02 AM, 141.91, 146.6206, 1.4125, 98, 22.74
11:20:03 AM, 141.72, 146.6206, 1.3587, 102, 21.58
11:20:04 AM, 141.33, 146.8204, 1.4174, 98, 22.94
11:20:05 AM, 141.33, 146.4209, 1.4467, 102, 22.74
11:20:06 AM, 141.52, 146.2211, 1.4370, 98, 22.94
11:20:07 AM, 141.72, 146.6206, 1.4125, 98, 22.94
11:20:08 AM, 141.91, 147.0201, 1.3832, 98, 23.72
11:20:09 AM, 141.91, 146.8204, 1.3587, 102, 23.33
11:20:10 AM, 141.91, 147.0201, 1.3685, 98, 23.33
11:20:11 AM, 141.72, 146.8204, 1.3685, 98, 22.74
11:20:12 AM, 141.52, 146.6206, 1.4076, 102, 22.16
11:20:13 AM, 141.72, 146.6206, 1.4272, 102, 22.94
11:20:14 AM, 141.91, 146.8204, 1.4027, 98, 22.94
11:20:15 AM, 142.11, 147.2199, 1.3636, 102, 22.74
11:20:16 AM, 141.91, 147.4196, 1.3685, 98, 22.94
11:20:17 AM, 141.72, 147.0201, 1.4516, 98, 22.74
11:20:18 AM, 141.91, 146.6206, 1.4174, 102, 21.58
11:20:19 AM, 142.11, 146.6206, 1.4027, 98, 23.13
11:20:20 AM, 142.11, 147.0201, 1.3587, 98, 22.94
11:20:21 AM, 141.91, 147.2199, 1.3685, 102, 22.36
11:20:22 AM, 141.72, 146.8204, 1.3930, 102, 20.02
11:20:23 AM, 141.91, 146.6206, 1.3881, 98, 24.30
11:20:24 AM, 142.11, 146.8204, 1.3783, 102, 21.58
11:20:25 AM, 141.91, 147.4196, 1.3587, 98, 23.52
11:20:26 AM, 141.72, 146.8204, 1.3832, 98, 23.33
11:20:27 AM, 141.91, 146.6206, 1.3978, 102, 23.33
11:20:28 AM, 142.11, 147.0201, 1.3685, 98, 23.33
11:20:29 AM, 142.11, 147.2199, 1.4272, 98, 22.74
11:20:30 AM, 142.30, 147.6194, 1.3539, 98, 22.55
11:20:31 AM, 142.11, 147.2199, 1.3539, 98, 23.13
11:20:32 AM, 141.72, 147.0201, 1.3441, 102, 23.33
11:20:33 AM, 141.91, 146.6206, 1.3832, 98, 21.97
11:20:34 AM, 142.11, 146.6206, 1.4027, 98, 22.94
11:20:35 AM, 142.11, 147.2199, 1.3685, 98, 23.13
11:20:36 AM, 142.30, 147.2199, 1.3783, 102, 22.55
11:20:37 AM, 142.30, 147.4196, 1.3490, 98, 23.13
11:20:38 AM, 142.11, 147.2199, 1.3539, 102, 22.36
11:20:39 AM, 141.91, 147.2199, 1.3441, 98, 22.36
11:20:40 AM, 141.91, 146.8204, 1.3881, 98, 22.55
11:20:41 AM, 141.91, 146.8204, 1.3832, 102, 23.13
11:20:42 AM, 142.11, 150.2162, 1.3685, 98, 23.52
11:20:43 AM, 142.11, 147.2199, 1.3685, 98, 21.58
11:20:44 AM, 142.30, 147.2199, 1.3783, 102, 22.74
11:20:45 AM, 142.30, 146.8204, 1.3685, 98, 22.94
11:20:46 AM, 142.11, 147.2199, 1.3587, 102, 22.74
11:20:47 AM, 141.91, 147.2199, 1.3783, 98, 22.94
11:20:48 AM, 141.91, 146.8204, 1.3734, 98, 22.74
11:20:49 AM, 142.11, 146.8204, 1.3930, 102, 22.16
11:20:50 AM, 142.11, 147.0201, 1.3685, 98, 21.58
11:20:51 AM, 142.11, 147.8192, 1.3441, 98, 22.74
11:20:52 AM, 141.72, 147.2199, 1.3441, 102, 22.74
11:20:53 AM, 141.52, 146.6206, 1.3930, 98, 22.36
11:20:54 AM, 141.72, 146.4209, 1.3930, 98, 21.58
11:20:55 AM, 141.91, 146.4209, 1.3832, 102, 22.74
11:20:56 AM, 142.11, 147.0201, 1.3783, 98, 23.33
11:20:57 AM, 142.11, 147.2199, 1.3636, 98, 22.55
11:20:58 AM, 142.11, 146.6206, 1.3685, 98, 22.55
11:20:59 AM, 142.11, 147.2199, 1.3783, 102, 22.55
11:21:00 AM, 141.72, 146.8204, 1.4418, 98, 21.58
11:21:01 AM, 141.91, 146.6206, 1.3978, 102, 22.94
11:21:02 AM, 142.11, 146.6206, 1.3881, 98, 22.94
11:21:03 AM, 142.11, 147.0201, 1.3685, 98, 22.94
11:21:04 AM, 142.11, 147.0201, 1.3490, 102, 22.94
11:21:05 AM, 142.11, 147.0201, 1.3734, 102, 23.72
11:21:06 AM, 142.11, 147.2199, 1.3734, 98, 22.55
11:21:07 AM, 141.72, 147.0201, 1.3734, 102, 23.33
11:21:08 AM, 141.91, 146.6206, 1.4027, 102, 23.13
11:21:09 AM, 142.11, 146.6206, 1.3930, 98, 22.74
11:21:10 AM, 142.11, 147.2199, 1.3734, 98, 23.33
11:21:11 AM, 141.91, 147.2199, 1.3636, 102, 23.52
11:21:12 AM, 141.72, 146.6206, 1.3587, 98, 23.13
11:21:13 AM, 141.91, 146.8204, 1.4076, 98, 22.94
11:21:14 AM, 142.11, 147.4196, 1.3783, 98, 23.13
11:21:15 AM, 141.91, 147.4196, 1.3832, 98, 22.74
11:21:16 AM, 141.72, 146.8204, 1.4027, 98, 23.13
11:21:17 AM, 141.33, 146.6206, 1.3930, 102, 23.13
11:21:18 AM, 141.52, 145.4221, 1.4321, 98, 22.94
11:21:19 AM, 141.72, 146.6206, 1.4027, 98, 25.08
11:21:20 AM, 141.72, 146.6206, 1.3881, 102, 23.33
11:21:21 AM, 141.72, 146.6206, 1.3587, 98, 23.33
11:21:22 AM, 141.72, 146.8204, 1.3978, 102, 23.13
11:21:23 AM, 141.33, 146.6206, 1.4027, 98, 23.13
11:21:24 AM, 141.52, 146.2211, 1.4418, 98, 22.36
11:21:25 AM, 141.72, 146.6206, 1.4272, 102, 23.33
11:21:26 AM, 141.91, 146.4209, 1.3978, 102, 22.16
11:21:27 AM, 142.11, 146.8204, 1.3881, 98, 22.94
11:21:28 AM, 142.11, 146.8204, 1.3685, 98, 23.13
11:21:29 AM, 142.11, 147.2199, 1.3636, 102, 22.55
11:21:30 AM, 141.72, 147.2199, 1.3734, 98, 24.11
11:21:31 AM, 141.33, 146.2211, 1.3832, 98, 22.94
11:21:32 AM, 141.33, 146.2211, 1.4370, 102, 23.33
11:21:33 AM, 141.52, 147.0201, 1.4370, 102, 23.52
11:21:34 AM, 141.72, 146.6206, 1.4174, 98, 23.13
11:21:35 AM, 141.91, 146.6206, 1.3930, 98, 21.97
11:21:36 AM, 141.91, 146.8204, 1.3734, 102, 23.13
11:21:37 AM, 141.72, 146.6206, 1.3930, 98, 23.33
11:21:38 AM, 141.52, 146.6206, 1.4027, 102, 23.13
11:21:39 AM, 141.72, 146.6206, 1.4663, 98, 21.58
11:21:40 AM, 141.91, 146.6206, 1.3881, 98, 22.16
11:21:41 AM, 142.11, 147.4196, 1.3832, 102, 22.74
11:21:42 AM, 142.11, 147.0201, 1.3734, 102, 22.74
11:21:43 AM, 142.11, 147.0201, 1.3539, 98, 22.36
11:21:44 AM, 141.52, 147.0201, 1.3734, 102, 22.36
11:21:45 AM, 141.33, 146.8204, 1.3930, 98, 22.74
11:21:46 AM, 141.52, 146.2211, 1.4223, 102, 23.33
11:21:47 AM, 141.72, 146.6206, 1.4027, 102, 23.13
11:21:48 AM, 141.72, 146.6206, 1.4076, 98, 23.13
11:21:49 AM, 141.72, 146.6206, 1.3978, 102, 23.33
11:21:50 AM, 141.72, 146.6206, 1.3978, 102, 22.36
11:21:51 AM, 141.52, 146.2211, 1.4516, 102, 22.74
11:21:52 AM, 141.52, 146.4209, 1.4223, 98, 22.36
11:21:53 AM, 141.72, 146.6206, 1.4174, 98, 22.55
11:21:54 AM, 141.91, 146.6206, 1.3978, 102, 23.13
11:21:55 AM, 142.11, 147.0201, 1.3783, 98, 22.94
11:21:56 AM, 142.11, 147.2199, 1.3783, 98, 22.16
11:21:57 AM, 142.11, 147.0201, 1.3734, 102, 22.74
11:21:58 AM, 142.11, 146.6206, 1.3783, 98, 23.13
11:21:59 AM, 141.91, 146.8204, 1.3881, 102, 22.94
11:22:00 AM, 142.11, 146.8204, 1.3832, 98, 22.94
11:22:01 AM, 142.11, 147.2199, 1.3636, 102, 22.74
11:22:02 AM, 142.11, 147.0201, 1.3343, 98, 23.33
11:22:03 AM, 142.11, 147.4196, 1.3343, 98, 22.94
11:22:04 AM, 141.91, 147.2199, 1.3587, 102, 22.74
11:22:05 AM, 141.72, 146.8204, 1.3881, 98, 21.58
11:22:06 AM, 141.72, 146.6206, 1.4223, 98, 24.88
11:22:07 AM, 141.91, 146.6206, 1.3881, 98, 22.74
11:22:08 AM, 142.11, 146.8204, 1.3881, 102, 22.55
11:22:09 AM, 142.11, 146.6206, 1.3441, 98, 22.94
11:22:10 AM, 142.11, 147.4196, 1.3636, 98, 22.74
11:22:11 AM, 141.91, 147.4196, 1.3587, 102, 22.94
11:22:12 AM, 141.72, 147.0201, 1.3881, 98, 22.16
11:22:13 AM, 141.91, 146.8204, 1.4027, 98, 22.74
11:22:14 AM, 142.11, 147.2199, 1.3685, 98, 21.97
11:22:15 AM, 142.11, 147.2199, 1.3734, 98, 22.55
11:22:16 AM, 142.11, 147.2199, 1.3783, 102, 22.94
11:22:17 AM, 142.11, 147.2199, 1.3783, 98, 22.16
11:22:18 AM, 142.11, 147.8192, 1.3587, 98, 22.36
11:22:19 AM, 141.72, 147.2199, 1.3783, 102, 22.94
11:22:20 AM, 141.91, 146.6206, 1.3978, 102, 21.77
11:22:21 AM, 141.72, 146.4209, 1.3783, 102, 22.55
11:22:22 AM, 141.72, 146.8204, 1.3685, 102, 23.13
11:22:23 AM, 141.33, 146.8204, 1.3978, 98, 23.52
11:22:24 AM, 141.33, 146.2211, 1.4370, 102, 22.94
11:22:25 AM, 141.52, 146.2211, 1.4370, 98, 22.74
11:22:26 AM, 141.72, 146.8204, 1.4174, 98, 22.74
11:22:27 AM, 141.91, 146.6206, 1.4076, 102, 25.66
11:22:28 AM, 142.11, 147.2199, 1.3587, 98, 22.74
11:22:29 AM, 142.11, 147.2199, 1.3441, 102, 22.36
11:22:30 AM, 141.72, 147.4196, 1.3539, 98, 23.13
11:22:31 AM, 141.72, 146.8204, 1.3881, 98, 22.94
11:22:32 AM, 141.91, 146.6206, 1.4076, 102, 22.36
11:22:33 AM, 141.91, 147.8192, 1.3685, 98, 22.36
11:22:34 AM, 142.11, 149.8167, 1.3978, 102, 22.94
11:22:35 AM, 142.11, 147.0201, 1.3490, 98, 21.97
11:22:36 AM, 141.72, 147.0201, 1.4076, 102, 22.94
11:22:37 AM, 141.91, 146.8204, 1.4076, 98, 22.55
11:22:38 AM, 141.91, 146.8204, 1.3685, 98, 23.13
11:22:39 AM, 142.11, 147.0201, 1.3832, 102, 22.74
11:22:40 AM, 142.11, 147.8192, 1.3539, 98, 22.55
11:22:41 AM, 142.11, 147.4196, 1.3539, 102, 23.33
11:22:42 AM, 142.11, 147.0201, 1.3539, 102, 22.74
11:22:43 AM, 141.72, 147.0201, 1.3636, 102, 23.13
11:22:44 AM, 141.91, 146.2211, 1.4027, 102, 22.55
11:22:45 AM, 141.91, 146.8204, 1.4027, 98, 22.36
11:22:46 AM, 142.11, 146.6206, 1.3978, 98, 22.94
11:22:47 AM, 142.11, 147.2199, 1.3392, 102, 23.13
11:22:48 AM, 142.11, 147.2199, 1.3587, 98, 22.55
11:22:49 AM, 141.91, 147.4196, 1.3636, 98, 22.74
11:22:50 AM, 141.91, 146.6206, 1.4027, 98, 22.55
11:22:51 AM, 142.11, 146.2211, 1.3978, 98, 22.94
11:22:52 AM, 142.11, 147.2199, 1.3832, 102, 22.94
11:22:53 AM, 142.11, 147.4196, 1.3783, 98, 23.33
11:22:54 AM, 141.91, 147.8192, 1.3539, 98, 22.16
11:22:55 AM, 141.52, 146.8204, 1.3783, 98, 23.33
11:22:56 AM, 141.72, 146.6206, 1.4272, 102, 22.94
11:22:57 AM, 141.91, 146.6206, 1.3978, 98, 23.33
11:22:58 AM, 142.11, 147.0201, 1.3685, 98, 23.13
11:22:59 AM, 141.91, 147.2199, 1.3685, 98, 22.74
11:23:00 AM, 141.72, 146.8204, 1.3978, 102, 22.36
11:23:01 AM, 141.33, 146.6206, 1.4076, 98, 22.94
11:23:02 AM, 141.52, 146.0214, 1.4272, 98, 23.33
11:23:03 AM, 141.72, 146.6206, 1.4174, 102, 26.24
11:23:04 AM, 141.91, 146.6206, 1.3685, 98, 23.33
11:23:05 AM, 141.91, 147.0201, 1.3930, 102, 23.33
11:23:06 AM, 142.11, 146.8204, 1.3978, 98, 22.94
11:23:07 AM, 141.91, 147.4196, 1.3783, 98, 25.27
11:23:08 AM, 141.52, 146.8204, 1.4027, 102, 22.36
11:23:09 AM, 141.72, 146.6206, 1.4125, 98, 23.52
11:23:10 AM, 141.91, 146.8204, 1.4027, 98, 22.55
11:23:11 AM, 142.11, 147.0201, 1.3881, 102, 22.94
11:23:12 AM, 142.11, 147.2199, 1.3490, 98, 21.58
11:23:13 AM, 141.72, 146.8204, 1.3978, 102, 23.13
11:23:14 AM, 141.91, 146.8204, 1.4076, 98, 22.16
11:23:15 AM, 142.11, 146.8204, 1.4027, 98, 22.94
11:23:16 AM, 142.11, 147.4196, 1.3685, 102, 22.55
11:23:17 AM, 142.11, 147.4196, 1.3734, 98, 26.44
11:23:18 AM, 142.11, 147.4196, 1.3734, 98, 22.55
11:23:19 AM, 141.91, 147.4196, 1.3441, 102, 23.33
11:23:20 AM, 141.91, 146.8204, 1.3978, 98, 22.55
11:23:21 AM, 142.11, 147.0201, 1.3881, 102, 22.94
11:23:22 AM, 142.11, 147.4196, 1.3490, 98, 23.52
11:23:23 AM, 142.11, 147.4196, 1.3734, 98, 22.36
11:23:24 AM, 142.11, 147.4196, 1.3783, 102, 23.13
11:23:25 AM, 142.11, 147.4196, 1.3636, 98, 18.47
11:23:26 AM, 142.11, 147.4196, 1.3734, 98, 23.33
11:23:27 AM, 141.91, 147.0201, 1.4027, 98, 22.94
11:23:28 AM, 141.91, 146.8204, 1.4027, 98, 22.74
11:23:29 AM, 141.91, 146.6206, 1.3832, 102, 22.74
11:23:30 AM, 141.91, 146.8204, 1.3881, 98, 22.55
11:23:31 AM, 141.91, 146.8204, 1.3978, 98, 22.55
11:23:32 AM, 141.72, 146.8204, 1.3881, 102, 22.74
11:23:33 AM, 141.72, 146.4209, 1.4027, 98, 22.55
11:23:34 AM, 141.91, 146.8204, 1.3783, 98, 22.36
11:23:35 AM, 142.11, 147.2199, 1.3587, 102, 21.38
11:23:36 AM, 142.11, 147.2199, 1.3441, 98, 23.13
11:23:37 AM, 141.91, 147.4196, 1.3685, 98, 23.13
11:23:38 AM, 141.72, 146.8204, 1.3881, 102, 23.52
11:23:39 AM, 141.33, 146.6206, 1.3930, 98, 23.13
11:23:40 AM, 141.52, 146.0214, 1.4467, 98, 22.16
11:23:41 AM, 141.72, 146.6206, 1.4174, 102, 22.74
11:23:42 AM, 141.91, 146.6206, 1.3881, 102, 22.94
11:23:43 AM, 141.91, 146.8204, 1.3930, 102, 22.94
11:23:44 AM, 141.72, 146.8204, 1.3832, 98, 23.13
11:23:45 AM, 141.33, 146.6206, 1.4027, 102, 22.94
11:23:46 AM, 141.13, 146.0214, 1.4223, 98, 25.47
11:23:47 AM, 141.13, 146.2211, 1.4467, 98, 22.74
11:23:48 AM, 141.33, 145.2223, 1.4565, 102, 22.94
11:23:49 AM, 141.52, 146.0214, 1.4223, 98, 22.94
11:23:50 AM, 141.52, 146.2211, 1.4174, 102, 22.94
11:23:51 AM, 141.52, 146.4209, 1.3930, 98, 22.74
11:23:52 AM, 141.33, 146.6206, 1.4125, 98, 23.52
11:23:53 AM, 141.13, 146.2211, 1.4321, 98, 23.13
11:23:54 AM, 141.13, 146.0214, 1.4516, 102, 22.94
11:23:55 AM, 141.33, 145.8216, 1.4027, 98, 23.33
11:23:56 AM, 141.33, 146.0214, 1.4125, 102, 22.74
11:23:57 AM, 141.13, 145.8216, 1.4418, 98, 23.13
11:23:58 AM, 141.33, 146.2211, 1.4565, 102, 22.94
11:23:59 AM, 141.52, 146.2211, 1.4516, 102, 22.94
11:24:00 AM, 141.72, 146.6206, 1.4174, 98, 23.13
11:24:01 AM, 141.72, 146.8204, 1.3978, 102, 22.94
11:24:02 AM, 141.72, 146.6206, 1.4027, 98, 22.94
11:24:03 AM, 141.72, 146.6206, 1.3734, 98, 22.74
11:24:04 AM, 141.52, 146.2211, 1.4223, 98, 22.94
11:24:05 AM, 141.72, 146.6206, 1.4223, 98, 22.16
11:24:06 AM, 141.91, 146.6206, 1.3930, 102, 22.94
11:24:07 AM, 142.11, 146.4209, 1.3685, 98, 22.94
11:24:08 AM, 142.11, 147.2199, 1.3441, 102, 22.36
11:24:09 AM, 141.91, 147.0201, 1.3490, 102, 22.36
11:24:10 AM, 141.72, 146.8204, 1.3978, 98, 22.94
11:24:11 AM, 141.91, 146.8204, 1.4027, 102, 22.16
11:24:12 AM, 142.11, 147.4196, 1.3783, 98, 22.94
11:24:13 AM, 142.11, 147.0201, 1.3783, 102, 22.74
11:24:14 AM, 142.11, 147.0201, 1.3783, 98, 22.16
11:24:15 AM, 142.30, 147.2199, 1.4272, 98, 21.58
11:24:16 AM, 142.30, 147.4196, 1.3587, 102, 23.33
11:24:17 AM, 142.11, 146.6206, 1.3587, 98, 22.74
11:24:18 AM, 142.11, 147.0201, 1.3636, 98, 22.36
11:24:19 AM, 142.30, 147.0201, 1.3587, 102, 22.94
11:24:20 AM, 142.30, 147.4196, 1.3490, 98, 23.13
11:24:21 AM, 142.11, 147.6194, 1.3392, 102, 23.13
11:24:22 AM, 141.91, 147.4196, 1.3441, 102, 23.13
11:24:23 AM, 142.11, 146.8204, 1.3881, 98, 22.55
11:24:24 AM, 142.11, 146.6206, 1.3539, 102, 22.94
11:24:25 AM, 142.11, 147.4196, 1.3783, 102, 24.11
11:24:26 AM, 141.72, 146.8204, 1.4027, 98, 22.94
11:24:27 AM, 141.52, 146.6206, 1.4027, 102, 22.94
11:24:28 AM, 141.72, 146.8204, 1.4174, 98, 22.16
11:24:29 AM, 141.72, 146.6206, 1.3978, 98, 22.74
11:24:30 AM, 141.72, 146.6206, 1.3832, 102, 22.74
11:24:31 AM, 141.72, 146.4209, 1.3783, 102, 22.36
11:24:32 AM, 141.33, 146.8204, 1.3881, 98, 23.33
11:24:33 AM, 141.33, 146.0214, 1.4174, 98, 22.16
11:24:34 AM, 141.52, 146.4209, 1.4418, 98, 22.94
11:24:35 AM, 141.72, 146.0214, 1.4272, 98, 22.94
11:24:36 AM, 141.91, 146.6206, 1.4076, 102, 22.94
11:24:37 AM, 141.91, 146.8204, 1.3978, 98, 23.33
11:24:38 AM, 141.91, 146.8204, 1.3685, 98, 22.74
11:24:39 AM, 141.91, 146.6206, 1.3685, 102, 22.74
11:24:40 AM, 141.72, 148.4184, 1.3881, 98, 23.13
11:24:41 AM, 141.91, 146.8204, 1.3783, 102, 22.74
11:24:42 AM, 142.11, 147.0201, 1.3685, 98, 27.02
11:24:43 AM, 142.11, 147.2199, 1.3685, 98, 22.36
11:24:44 AM, 142.11, 147.0201, 1.3490, 102, 23.13
11:24:45 AM, 142.11, 147.2199, 1.3734, 98, 23.72
11:24:46 AM, 142.11, 147.2199, 1.4370, 98, 22.55
11:24:47 AM, 142.11, 147.0201, 1.3734, 102, 23.33
11:24:48 AM, 141.91, 147.0201, 1.3490, 98, 23.13
11:24:49 AM, 141.52, 146.2211, 1.4027, 102, 23.13
11:24:50 AM, 141.72, 146.4209, 1.3930, 98, 23.33
11:24:51 AM, 141.72, 146.8204, 1.4076, 102, 22.94
11:24:52 AM, 141.72, 146.8204, 1.3783, 102, 23.13
11:24:53 AM, 141.72, 146.8204, 1.4027, 98, 22.94
11:24:54 AM, 141.33, 146.6206, 1.4027, 102, 22.74
11:24:55 AM, 141.52, 146.2211, 1.4370, 98, 22.94
11:24:56 AM, 141.72, 146.6206, 1.3978, 102, 23.13
11:24:57 AM, 141.72, 146.2211, 1.4027, 98, 22.94
11:24:58 AM, 141.72, 147.0201, 1.4174, 98, 22.55
11:24:59 AM, 141.52, 146.6206, 1.3930, 102, 22.74
11:25:00 AM, 141.33, 146.6206, 1.4125, 98, 23.33
11:25:01 AM, 141.33, 146.0214, 1.4321, 102, 23.72
11:25:02 AM, 141.52, 146.2211, 1.4125, 98, 22.94
11:25:03 AM, 141.52, 146.6206, 1.3832, 98, 22.74
11:25:04 AM, 141.52, 146.6206, 1.4125, 98, 23.13
11:25:05 AM, 141.33, 145.8216, 1.4027, 102, 22.36
11:25:06 AM, 141.52, 146.2211, 1.4370, 98, 22.55
11:25:07 AM, 141.52, 146.6206, 1.4174, 102, 23.33
11:25:08 AM, 141.72, 147.0201, 1.4223, 98, 22.55
11:25:09 AM, 141.91, 146.8204, 1.3832, 102, 22.74
11:25:10 AM, 142.11, 147.0201, 1.3881, 98, 21.58
11:25:11 AM, 141.72, 146.8204, 1.3881, 102, 22.94
11:25:12 AM, 141.91, 146.6206, 1.3978, 98, 22.94
11:25:13 AM, 141.72, 146.2211, 1.3930, 102, 22.94
11:25:14 AM, 141.91, 146.6206, 1.4076, 98, 22.36
11:25:15 AM, 142.11, 146.8204, 1.3978, 98, 22.55
11:25:16 AM, 142.11, 147.2199, 1.3734, 102, 22.74
11:25:17 AM, 142.11, 147.0201, 1.3539, 98, 23.33
11:25:18 AM, 141.91, 147.4196, 1.3636, 102, 22.94
11:25:19 AM, 141.72, 146.8204, 1.3881, 98, 22.55
11:25:20 AM, 141.91, 146.6206, 1.3978, 102, 22.94
11:25:21 AM, 142.11, 147.0201, 1.3930, 98, 26.44
11:25:22 AM, 142.11, 147.0201, 1.3587, 98, 22.74
11:25:23 AM, 142.11, 147.0201, 1.3783, 102, 22.36
11:25:24 AM, 142.11, 147.2199, 1.3832, 98, 22.94
11:25:25 AM, 142.11, 147.4196, 1.3490, 98, 23.13
11:25:26 AM, 141.91, 147.2199, 1.3783, 98, 23.33
11:25:27 AM, 141.72, 147.0201, 1.4027, 102, 22.94
11:25:28 AM, 141.52, 147.0201, 1.3881, 98, 22.94
11:25:29 AM, 141.72, 146.0214, 1.3930, 98, 22.74
11:25:30 AM, 141.91, 146.6206, 1.3930, 102, 22.74
11:25:31 AM, 141.91, 146.6206, 1.3832, 98, 22.74
11:25:32 AM, 141.91, 146.8204, 1.3881, 102, 21.58
11:25:33 AM, 141.72, 146.8204, 1.4272, 98, 22.94
11:25:34 AM, 141.72, 146.6206, 1.3930, 102, 22.16
11:25:35 AM, 141.91, 146.6206, 1.4076, 98, 22.16
11:25:36 AM, 141.91, 146.8204, 1.3978, 98, 22.74
11:25:37 AM, 141.91, 146.8204, 1.3978, 102, 22.74
11:25:38 AM, 142.11, 146.8204, 1.3832, 98, 23.13
11:25:39 AM, 142.11, 147.2199, 1.3587, 102, 22.74
11:25:40 AM, 142.11, 147.4196, 1.3587, 98, 22.74
11:25:41 AM, 141.91, 147.4196, 1.3685, 102, 24.30
11:25:42 AM, 141.72, 146.8204, 1.3978, 98, 22.94
11:25:43 AM, 141.91, 146.8204, 1.3978, 102, 22.94
11:25:44 AM, 141.91, 146.8204, 1.3881, 98, 23.33
11:25:45 AM, 141.91, 146.6206, 1.3930, 98, 23.33
11:25:46 AM, 141.72, 146.8204, 1.3978, 98, 22.55
11:25:47 AM, 141.91, 146.6206, 1.3978, 98, 22.55
11:25:48 AM, 142.11, 147.0201, 1.3881, 98, 22.94
11:25:49 AM, 142.11, 147.2199, 1.3587, 102, 23.72
11:25:50 AM, 141.91, 147.2199, 1.3587, 98, 23.33
11:25:51 AM, 141.72, 146.8204, 1.3685, 102, 22.94
11:25:52 AM, 141.91, 146.6206, 1.4076, 102, 22.55
11:25:53 AM, 142.11, 146.4209, 1.3978, 98, 22.55
11:25:54 AM, 142.11, 147.8192, 1.3685, 102, 22.36
11:25:55 AM, 141.91, 147.0201, 1.3685, 102, 22.36
11:25:56 AM, 141.72, 146.6206, 1.3734, 98, 23.33
11:25:57 AM, 141.72, 146.4209, 1.3978, 98, 22.16
11:25:58 AM, 141.91, 146.6206, 1.3685, 102, 23.13
11:25:59 AM, 142.11, 147.0201, 1.3930, 98, 22.74
11:26:00 AM, 142.11, 147.2199, 1.3734, 102, 22.74
11:26:01 AM, 142.11, 147.0201, 1.3539, 98, 22.94
11:26:02 AM, 141.72, 146.6206, 1.3832, 102, 22.55
11:26:03 AM, 141.91, 146.6206, 1.4174, 98, 22.94
11:26:04 AM, 141.91, 146.8204, 1.3881, 98, 22.55
11:26:05 AM, 141.91, 147.0201, 1.3685, 102, 22.74
11:26:06 AM, 142.11, 146.8204, 1.3881, 98, 22.94
11:26:07 AM, 142.11, 147.0201, 1.3539, 102, 22.94
11:26:08 AM, 142.11, 147.0201, 1.3392, 98, 22.94
11:26:09 AM, 142.11, 147.2199, 1.3587, 98, 22.94
11:26:10 AM, 141.72, 146.8204, 1.3783, 98, 21.58
11:26:11 AM, 141.52, 146.6206, 1.4027, 98, 22.36
11:26:12 AM, 141.72, 146.4209, 1.3783, 102, 22.94
11:26:13 AM, 141.72, 146.6206, 1.4076, 98, 22.36
11:26:14 AM, 141.72, 146.6206, 1.4125, 98, 22.74
11:26:15 AM, 141.72, 146.0214, 1.4027, 102, 23.33
11:26:16 AM, 141.33, 146.2211, 1.4027, 102, 22.74
11:26:17 AM, 141.13, 146.0214, 1.4565, 98, 22.16
11:26:18 AM, 141.33, 145.8216, 1.4418, 102, 22.94
11:26:19 AM, 141.52, 146.4209, 1.4272, 98, 23.13
11:26:20 AM, 141.52, 146.6206, 1.3881, 98, 23.72
11:26:21 AM, 141.52, 145.8216, 1.4027, 102, 22.55
11:26:22 AM, 141.52, 146.4209, 1.4125, 102, 22.94
11:26:23 AM, 141.33, 146.2211, 1.3881, 98, 22.55
11:26:24 AM, 141.13, 146.2211, 1.4370, 98, 22.55
11:26:25 AM, 141.33, 145.6218, 1.4565, 98, 22.16
11:26:26 AM, 141.52, 146.0214, 1.4467, 98, 22.36
11:26:27 AM, 141.33, 146.4209, 1.4272, 102, 23.52
11:26:28 AM, 141.33, 145.8216, 1.4418, 98, 22.74
11:26:29 AM, 141.33, 146.2211, 1.4467, 98, 22.74
11:26:30 AM, 141.52, 145.6218, 1.4467, 102, 22.94
11:26:31 AM, 141.72, 146.4209, 1.4076, 102, 23.13
11:26:32 AM, 141.91, 146.8204, 1.3978, 98, 22.94
11:26:33 AM, 141.91, 146.6206, 1.3832, 102, 22.74
11:26:34 AM, 141.91, 146.6206, 1.3978, 98, 25.86
11:26:35 AM, 141.52, 146.8204, 1.3832, 98, 23.33
11:26:36 AM, 141.33, 146.2211, 1.4076, 102, 23.33
11:26:37 AM, 141.33, 146.0214, 1.4467, 98, 22.94
11:26:38 AM, 141.52, 146.0214, 1.4223, 98, 22.74
11:26:39 AM, 141.72, 146.6206, 1.3930, 98, 22.55
11:26:40 AM, 141.33, 146.8204, 1.3832, 98, 23.52
11:26:41 AM, 141.33, 146.0214, 1.4076, 102, 22.55
11:26:42 AM, 141.52, 146.0214, 1.4223, 102, 22.74
11:26:43 AM, 141.72, 146.4209, 1.4272, 98, 23.13
11:26:44 AM, 141.91, 146.6206, 1.4076, 98, 23.33
11:26:45 AM, 142.11, 146.8204, 1.3881, 102, 22.94
11:26:46 AM, 142.30, 147.0201, 1.3392, 98, 23.52
11:26:47 AM, 142.30, 147.2199, 1.3294, 98, 22.94
11:26:48 AM, 142.30, 147.2199, 1.3539, 98, 22.94
11:26:49 AM, 142.11, 147.4196, 1.3392, 102, 23.33
11:26:50 AM, 141.91, 147.0201, 1.3490, 98, 22.94
11:26:51 AM, 141.91, 146.8204, 1.4027, 102, 22.94
11:26:52 AM, 141.91, 146.8204, 1.3832, 98, 22.94
11:26:53 AM, 141.91, 146.6206, 1.4027, 98, 22.55
11:26:54 AM, 141.72, 146.8204, 1.4076, 98, 22.94
11:26:55 AM, 141.91, 146.6206, 1.4174, 102, 22.74
11:26:56 AM, 141.91, 147.0201, 1.3881, 98, 21.97
11:26:57 AM, 142.11, 146.6206, 1.3636, 98, 22.74
11:26:58 AM, 142.30, 147.0201, 1.3343, 102, 23.33
11:26:59 AM, 142.30, 147.8192, 1.3587, 98, 22.16
11:27:00 AM, 142.30, 146.6206, 1.3587, 102, 22.94
11:27:01 AM, 141.91, 148.6182, 1.3587, 102, 21.58
11:27:02 AM, 141.72, 146.2211, 1.4272, 102, 22.94
11:27:03 AM, 141.91, 146.4209, 1.4076, 102, 22.55
11:27:04 AM, 142.11, 146.6206, 1.3881, 98, 22.74
11:27:05 AM, 142.11, 147.0201, 1.3343, 102, 22.74
11:27:06 AM, 142.11, 147.0201, 1.3392, 98, 22.74
11:27:07 AM, 142.11, 147.2199, 1.3392, 98, 22.94
11:27:08 AM, 141.91, 147.0201, 1.3783, 98, 22.94
11:27:09 AM, 141.52, 146.6206, 1.4076, 98, 22.55
11:27:10 AM, 141.72, 146.4209, 1.4272, 98, 22.94
11:27:11 AM, 141.91, 146.6206, 1.4125, 102, 22.94
11:27:12 AM, 142.11, 146.6206, 1.3930, 102, 22.94
11:27:13 AM, 142.11, 147.0201, 1.3636, 98, 22.94
11:27:14 AM, 142.30, 147.0201, 1.3685, 98, 22.94
11:27:15 AM, 142.30, 147.4196, 1.3587, 102, 22.94
11:27:16 AM, 141.91, 147.0201, 1.3783, 102, 22.36
11:27:17 AM, 141.72, 146.8204, 1.3978, 98, 22.94
11:27:18 AM, 141.91, 146.6206, 1.3978, 98, 22.74
11:27:19 AM, 141.91, 146.6206, 1.3783, 102, 23.52
11:27:20 AM, 141.72, 146.8204, 1.3930, 98, 22.94
11:27:21 AM, 141.33, 146.4209, 1.3930, 98, 22.55
11:27:22 AM, 141.52, 146.2211, 1.4125, 102, 23.13
11:27:23 AM, 141.72, 146.6206, 1.4125, 98, 22.74
11:27:24 AM, 141.91, 146.6206, 1.3930, 102, 23.33
11:27:25 AM, 141.91, 146.8204, 1.4027, 98, 22.94
11:27:26 AM, 141.91, 146.6206, 1.4027, 98, 22.55
11:27:27 AM, 141.72, 146.8204, 1.4076, 102, 22.36
11:27:28 AM, 141.33, 146.6206, 1.4076, 98, 22.74
11:27:29 AM, 141.52, 146.0214, 1.4174, 98, 22.55
11:27:30 AM, 141.52, 146.4209, 1.4174, 102, 22.74
11:27:31 AM, 141.91, 146.4209, 1.4027, 98, 22.94
11:27:32 AM, 141.91, 146.8204, 1.3930, 102, 22.55
11:27:33 AM, 141.72, 146.8204, 1.3930, 98, 23.13
11:27:34 AM, 141.72, 146.6206, 1.3881, 98, 23.72
11:27:35 AM, 141.91, 146.6206, 1.4076, 102, 23.13
11:27:36 AM, 141.72, 146.8204, 1.3978, 98, 22.16
11:27:37 AM, 141.91, 146.8204, 1.4076, 98, 23.13
11:27:38 AM, 142.11, 147.0201, 1.3587, 98, 23.13
11:27:39 AM, 142.11, 147.0201, 1.3587, 98, 23.13
11:27:40 AM, 141.91, 147.0201, 1.3539, 102, 22.94
11:27:41 AM, 141.72, 147.0201, 1.3685, 98, 23.33
11:27:42 AM, 141.33, 146.6206, 1.3783, 98, 22.74
11:27:43 AM, 141.52, 146.0214, 1.4565, 102, 22.55
11:27:44 AM, 141.72, 146.2211, 1.4027, 102, 22.74
11:27:45 AM, 141.91, 147.0201, 1.4027, 98, 22.16
11:27:46 AM, 141.91, 147.0201, 1.3930, 102, 23.13
11:27:47 AM, 141.91, 146.8204, 1.3881, 98, 22.94
11:27:48 AM, 141.72, 146.6206, 1.3636, 98, 22.94
11:27:49 AM, 141.52, 146.6206, 1.3978, 102, 22.94
11:27:50 AM, 141.52, 146.6206, 1.3881, 98, 23.13
11:27:51 AM, 141.72, 146.4209, 1.4272, 98, 22.94
11:27:52 AM, 141.72, 146.6206, 1.3930, 102, 23.33
11:27:53 AM, 141.72, 146.6206, 1.3734, 98, 23.33
11:27:54 AM, 141.33, 146.6206, 1.4125, 102, 23.52
11:27:55 AM, 141.33, 146.2211, 1.4565, 98, 22.74
11:27:56 AM, 141.33, 146.0214, 1.4663, 102, 21.58
11:27:57 AM, 141.52, 146.0214, 1.4370, 98, 21.58
11:27:58 AM, 141.72, 146.2211, 1.4027, 98, 21.97
11:27:59 AM, 141.52, 146.4209, 1.3685, 102, 22.36
11:28:00 AM, 141.33, 146.2211, 1.4125, 98, 23.72
11:28:01 AM, 141.52, 146.0214, 1.4565, 102, 21.58
11:28:02 AM, 141.72, 146.4209, 1.4174, 98, 21.97
11:28:03 AM, 141.91, 146.4209, 1.4125, 102, 22.36
11:28:04 AM, 141.91, 147.0201, 1.3881, 98, 22.94
11:28:05 AM, 141.91, 146.8204, 1.3881, 98, 22.55
11:28:06 AM, 141.91, 146.6206, 1.3881, 102, 23.33
11:28:07 AM, 141.72, 153.4123, 1.3539, 98, 23.33
11:28:08 AM, 141.72, 146.4209, 1.4174, 102, 22.55
11:28:09 AM, 141.91, 146.6206, 1.3783, 98, 22.74
11:28:10 AM, 142.11, 146.2211, 1.3978, 102, 23.13
11:28:11 AM, 142.11, 146.4209, 1.3685, 98, 22.55
11:28:12 AM, 141.91, 147.2199, 1.3685, 98, 22.74
11:28:13 AM, 141.72, 146.8204, 1.3930, 102, 22.94
11:28:14 AM, 141.52, 146.6206, 1.4076, 98, 22.74
11:28:15 AM, 141.91, 146.6206, 1.3930, 98, 22.94
11:28:16 AM, 142.11, 146.6206, 1.3734, 102, 22.94
11:28:17 AM, 142.30, 147.0201, 1.4125, 98, 23.33
11:28:18 AM, 142.30, 147.2199, 1.3587, 102, 22.55
11:28:19 AM, 142.30, 147.2199, 1.3587, 98, 21.58
11:28:20 AM, 142.11, 147.2199, 1.3490, 98, 23.13
11:28:21 AM, 141.91, 147.0201, 1.3636, 102, 22.74
11:28:22 AM, 141.72, 146.8204, 1.3783, 98, 23.13
11:28:23 AM, 141.91, 147.0201, 1.3881, 98, 23.13
11:28:24 AM, 141.72, 146.6206, 1.3734, 98, 22.94
11:28:25 AM, 141.52, 146.4209, 1.4027, 102, 22.36
11:28:26 AM, 141.72, 146.4209, 1.4223, 98, 23.13
11:28:27 AM, 141.91, 146.6206, 1.3832, 102, 22.74
11:28:28 AM, 141.91, 146.6206, 1.3978, 98, 21.97
11:28:29 AM, 142.11, 146.6206, 1.3636, 102, 23.33
11:28:30 AM, 142.30, 147.8192, 1.3685, 98, 22.16
11:28:31 AM, 142.11, 147.4196, 1.3392, 102, 25.47
11:28:32 AM, 141.72, 147.0201, 1.3734, 98, 22.55
11:28:33 AM, 141.91, 146.6206, 1.3881, 102, 23.13
11:28:34 AM, 142.11, 146.6206, 1.3930, 98, 22.16
11:28:35 AM, 142.11, 147.0201, 1.3685, 98, 23.13
11:28:36 AM, 142.11, 147.0201, 1.3490, 102, 22.36
11:28:37 AM, 141.91, 147.0201, 1.3734, 98, 22.55
11:28:38 AM, 141.72, 146.8204, 1.3978, 98, 22.74
11:28:39 AM, 141.91, 146.6206, 1.3881, 98, 22.55
11:28:40 AM, 142.11, 146.0214, 1.3881, 102, 22.94
11:28:41 AM, 142.11, 147.0201, 1.3636, 98, 22.55
11:28:42 AM, 142.11, 147.0201, 1.3685, 102, 23.33
11:28:43 AM, 142.11, 147.0201, 1.3587, 98, 23.13
11:28:44 AM, 141.91, 147.8192, 1.3490, 98, 22.74
11:28:45 AM, 141.72, 146.4209, 1.4370, 98, 22.55
11:28:46 AM, 141.72, 146.6206, 1.4174, 98, 22.55
11:28:47 AM, 141.91, 146.6206, 1.4027, 102, 22.36
11:28:48 AM, 141.91, 146.4209, 1.3881, 98, 22.16
11:28:49 AM, 141.91, 146.6206, 1.3881, 98, 22.55
11:28:50 AM, 141.91, 146.8204, 1.3636, 102, 22.94
11:28:51 AM, 141.72, 146.6206, 1.3881, 98, 22.94
11:28:52 AM, 141.33, 146.4209, 1.4174, 102, 23.33
11:28:53 AM, 141.52, 146.0214, 1.4125, 98, 23.33
11:28:54 AM, 141.72, 146.2211, 1.4027, 98, 23.13
11:28:55 AM, 141.91, 146.6206, 1.4174, 102, 22.55
11:28:56 AM, 142.11, 146.8204, 1.3930, 98, 22.94
11:28:57 AM, 142.11, 147.0201, 1.3587, 98, 22.94
11:28:58 AM, 142.30, 146.6206, 1.3392, 102, 23.33
11:28:59 AM, 142.11, 147.2199, 1.4076, 98, 21.58
11:29:00 AM, 141.72, 146.6206, 1.3783, 102, 22.74
11:29:01 AM, 141.91, 146.6206, 1.3978, 98, 22.94
11:29:02 AM, 142.11, 146.6206, 1.4027, 98, 22.55
11:29:03 AM, 142.11, 146.8204, 1.3392, 102, 22.94
11:29:04 AM, 142.30, 147.0201, 1.3636, 98, 23.13
11:29:05 AM, 142.11, 146.6206, 1.3441, 102, 23.33
11:29:06 AM, 141.91, 147.4196, 1.3685, 98, 23.33
11:29:07 AM, 141.91, 146.2211, 1.3636, 102, 23.13
11:29:08 AM, 142.11, 146.6206, 1.3978, 98, 26.05
11:29:09 AM, 142.11, 147.4196, 1.3783, 102, 23.13
11:29:10 AM, 142.11, 146.6206, 1.3587, 98, 22.94
11:29:11 AM, 142.30, 146.6206, 1.3441, 98, 22.74
11:29:12 AM, 142.11, 147.2199, 1.3587, 102, 22.74
11:29:13 AM, 141.91, 147.0201, 1.3783, 98, 23.33
11:29:14 AM, 141.72, 146.8204, 1.3978, 102, 22.94
11:29:15 AM, 142.11, 146.6206, 1.3587, 98, 22.74
11:29:16 AM, 141.91, 147.0201, 1.3685, 102, 21.58
11:29:17 AM, 141.72, 146.6206, 1.4027, 98, 22.16
11:29:18 AM, 141.33, 146.6206, 1.4076, 102, 23.13
11:29:19 AM, 141.52, 145.8216, 1.4272, 98, 22.94
11:29:20 AM, 141.72, 146.0214, 1.4174, 98, 22.94
11:29:21 AM, 141.72, 146.6206, 1.4076, 102, 23.33
11:29:22 AM, 141.72, 146.6206, 1.3978, 102, 23.13
11:29:23 AM, 141.33, 146.6206, 1.3832, 98, 23.13
11:29:24 AM, 141.52, 146.0214, 1.4223, 98, 23.33
11:29:25 AM, 141.72, 146.2211, 1.4174, 102, 22.36
11:29:26 AM, 141.91, 146.6206, 1.4076, 98, 22.36
11:29:27 AM, 142.11, 146.8204, 1.3881, 102, 23.13
11:29:28 AM, 142.30, 147.0201, 1.3441, 98, 23.33
11:29:29 AM, 142.11, 147.2199, 1.3587, 102, 22.94
11:29:30 AM, 141.91, 147.2199, 1.3685, 98, 23.52
11:29:31 AM, 141.72, 146.8204, 1.3930, 102, 22.94
11:29:32 AM, 141.91, 146.6206, 1.3978, 98, 23.33
11:29:33 AM, 142.11, 146.6206, 1.3881, 98, 22.74
11:29:34 AM, 142.11, 147.2199, 1.3783, 102, 21.58
11:29:35 AM, 142.11, 147.0201, 1.3441, 98, 22.94
11:29:36 AM, 142.30, 147.2199, 1.3636, 98, 23.13
11:29:37 AM, 141.72, 148.0189, 1.3881, 98, 22.94
11:29:38 AM, 141.91, 146.8204, 1.3881, 98, 23.33
11:29:39 AM, 142.11, 146.6206, 1.4027, 102, 22.55
11:29:40 AM, 142.11, 147.0201, 1.3636, 98, 23.13
11:29:41 AM, 142.11, 147.0201, 1.3734, 98, 22.94
11:29:42 AM, 141.91, 147.4196, 1.3783, 102, 22.94
11:29:43 AM, 141.72, 149.2174, 1.3978, 98, 22.74
11:29:44 AM, 142.11, 146.6206, 1.3881, 102, 22.16
11:29:45 AM, 142.11, 147.0201, 1.3636, 98, 22.55
11:29:46 AM, 141.91, 147.2199, 1.3685, 98, 23.33
11:29:47 AM, 141.72, 146.6206, 1.3881, 102, 23.13
11:29:48 AM, 141.33, 146.2211, 1.4076, 98, 22.94
11:29:49 AM, 141.52, 146.6206, 1.4467, 98, 26.05
11:29:50 AM, 141.72, 146.6206, 1.4174, 102, 23.52
11:29:51 AM, 141.72, 146.6206, 1.3685, 98, 23.33
11:29:52 AM, 141.72, 146.2211, 1.4076, 102, 22.94
11:29:53 AM, 141.33, 146.2211, 1.3881, 98, 22.55
11:29:54 AM, 141.52, 146.2211, 1.4223, 98, 23.33
11:29:55 AM, 141.52, 146.2211, 1.4027, 102, 23.33
11:29:56 AM, 141.72, 146.4209, 1.4174, 98, 22.55
11:29:57 AM, 141.91, 146.6206, 1.4076, 102, 22.94
11:29:58 AM, 142.11, 146.8204, 1.3930, 102, 22.94
11:29:59 AM, 141.72, 146.6206, 1.3636, 102, 22.55
11:30:00 AM, 141.33, 146.6206, 1.4027, 98, 22.94
11:30:01 AM, 141.52, 146.0214, 1.4174, 98, 21.58
11:30:02 AM, 141.72, 146.4209, 1.4174, 102, 22.74
11:30:03 AM, 141.91, 146.4209, 1.4027, 98, 22.94
11:30:04 AM, 142.11, 146.8204, 1.3978, 98, 23.91
11:30:05 AM, 142.11, 147.8192, 1.3685, 102, 22.55
11:30:06 AM, 141.91, 147.2199, 1.3685, 102, 22.94
11:30:07 AM, 141.72, 146.6206, 1.3881, 98, 22.36
11:30:08 AM, 141.52, 146.6206, 1.3978, 98, 22.94
11:30:09 AM, 141.72, 146.2211, 1.4125, 102, 22.36
11:30:10 AM, 141.91, 146.6206, 1.4027, 98, 23.33
11:30:11 AM, 142.11, 146.6206, 1.3832, 98, 22.94
11:30:12 AM, 142.11, 146.8204, 1.3685, 102, 22.94
11:30:13 AM, 142.11, 147.2199, 1.3587, 98, 22.94
11:30:14 AM, 141.91, 147.0201, 1.3783, 98, 22.94
11:30:15 AM, 141.72, 146.6206, 1.3685, 98, 22.74
11:30:16 AM, 141.91, 146.2211, 1.3978, 102, 22.94
11:30:17 AM, 142.11, 146.6206, 1.3832, 98, 23.13
11:30:18 AM, 142.11, 150.2162, 1.3685, 98, 23.33
11:30:19 AM, 141.91, 146.6206, 1.3685, 98, 22.74
11:30:20 AM, 141.72, 146.8204, 1.3685, 102, 22.94
11:30:21 AM, 141.52, 146.2211, 1.4565, 98, 23.13
11:30:22 AM, 141.52, 146.4209, 1.4272, 102, 23.72
11:30:23 AM, 141.52, 146.2211, 1.3832, 98, 23.33
11:30:24 AM, 141.52, 146.6206, 1.3978, 98, 23.13
11:30:25 AM, 141.52, 146.4209, 1.4223, 102, 22.94
11:30:26 AM, 141.72, 146.2211, 1.4027, 98, 22.94
11:30:27 AM, 141.91, 145.8216, 1.3978, 102, 22.55
11:30:28 AM, 142.11, 147.0201, 1.3734, 102, 22.55
11:30:29 AM, 142.11, 147.0201, 1.3734, 98, 22.55
11:30:30 AM, 141.91, 147.4196, 1.3636, 98, 22.74
11:30:31 AM, 141.72, 146.6206, 1.3392, 102, 21.58
11:30:32 AM, 141.91, 146.6206, 1.4125, 98, 22.36
11:30:33 AM, 141.91, 146.6206, 1.3978, 102, 22.94
11:30:34 AM, 141.91, 146.6206, 1.3783, 98, 23.33
11:30:35 AM, 142.11, 146.6206, 1.3881, 98, 22.74
11:30:36 AM, 142.30, 147.0201, 1.4418, 98, 22.74
11:30:37 AM, 142.11, 147.8192, 1.3294, 102, 22.16
11:30:38 AM, 141.72, 146.6206, 1.3685, 98, 22.94
11:30:39 AM, 141.91, 146.6206, 1.4174, 98, 22.74
11:30:40 AM, 141.91, 146.2211, 1.4027, 98, 22.74
11:30:41 AM, 142.11, 146.8204, 1.3783, 98, 22.36
11:30:42 AM, 142.11, 147.2199, 1.3734, 102, 22.16
11:30:43 AM, 141.72, 146.8204, 1.3881, 102, 23.13
11:30:44 AM, 141.91, 146.0214, 1.3734, 98, 22.74
11:30:45 AM, 141.91, 146.6206, 1.3881, 102, 22.94
11:30:46 AM, 142.11, 146.8204, 1.4076, 98, 21.58
11:30:47 AM, 142.11, 149.4172, 1.3685, 102, 22.55
11:30:48 AM, 142.11, 147.4196, 1.3783, 98, 22.94
11:30:49 AM, 141.91, 147.2199, 1.3783, 98, 22.94
11:30:50 AM, 141.52, 147.0201, 1.3930, 102, 22.55
11:30:51 AM, 141.91, 146.8204, 1.4027, 102, 22.55
11:30:52 AM, 141.91, 146.8204, 1.3587, 98, 22.94
11:30:53 AM, 141.91, 146.6206, 1.3734, 102, 23.33
11:30:54 AM, 141.91, 146.6206, 1.3930, 98, 22.55
11:30:55 AM, 141.72, 146.6206, 1.3783, 98, 22.94
11:30:56 AM, 141.33, 146.4209, 1.3978, 98, 22.74
11:30:57 AM, 141.52, 146.0214, 1.4418, 98, 22.94
11:30:58 AM, 141.91, 146.6206, 1.4076, 98, 22.94
11:30:59 AM, 141.91, 146.0214, 1.3930, 102, 22.94
11:31:00 AM, 141.91, 146.6206, 1.3783, 98, 22.74
11:31:01 AM, 141.91, 146.6206, 1.3881, 98, 22.94
11:31:02 AM, 141.72, 145.8216, 1.3881, 102, 22.94
11:31:03 AM, 141.91, 146.4209, 1.3978, 98, 22.16
11:31:04 AM, 142.11, 146.6206, 1.3978, 102, 24.69
11:31:05 AM, 142.30, 146.8204, 1.3490, 98, 23.72
11:31:06 AM, 142.30, 147.2199, 1.3587, 102, 22.94
11:31:07 AM, 142.11, 147.2199, 1.3587, 98, 23.13
11:31:08 AM, 141.91, 146.6206, 1.3636, 102, 23.13
11:31:09 AM, 141.72, 146.4209, 1.3978, 98, 22.16
11:31:10 AM, 141.91, 146.4209, 1.3978, 102, 22.16
11:31:11 AM, 142.11, 146.6206, 1.3490, 98, 23.33
11:31:12 AM, 142.30, 146.8204, 1.3783, 98, 22.36
11:31:13 AM, 142.11, 147.0201, 1.3685, 98, 22.36
11:31:14 AM, 142.11, 147.0201, 1.3783, 102, 22.74
11:31:15 AM, 142.11, 146.8204, 1.3783, 98, 22.94
11:31:16 AM, 142.11, 146.6206, 1.3539, 98, 22.55
11:31:17 AM, 142.11, 147.0201, 1.3539, 102, 22.94
11:31:18 AM, 142.11, 146.6206, 1.3685, 98, 23.13
11:31:19 AM, 141.91, 147.0201, 1.3685, 102, 22.55
11:31:20 AM, 141.33, 146.6206, 1.4027, 98, 22.94
11:31:21 AM, 141.52, 146.2211, 1.4370, 102, 22.16
11:31:22 AM, 141.72, 146.2211, 1.4174, 98, 22.94
11:31:23 AM, 141.91, 146.2211, 1.4076, 102, 22.94
11:31:24 AM, 141.91, 146.4209, 1.3685, 98, 23.33
11:31:25 AM, 141.91, 146.2211, 1.4076, 98, 22.55
11:31:26 AM, 142.11, 146.4209, 1.3930, 102, 22.94
11:31:27 AM, 142.11, 147.8192, 1.3490, 98, 22.74
11:31:28 AM, 141.91, 146.8204, 1.3441, 102, 22.74
11:31:29 AM, 141.72, 145.8216, 1.3832, 98, 22.55
11:31:30 AM, 141.91, 146.4209, 1.4027, 98, 22.36
11:31:31 AM, 141.91, 146.6206, 1.4125, 102, 21.58
11:31:32 AM, 141.91, 146.6206, 1.3734, 98, 22.94
11:31:33 AM, 141.91, 146.4209, 1.3734, 98, 27.60
11:31:34 AM, 141.72, 146.6206, 1.3783, 102, 22.94
11:31:35 AM, 141.72, 146.6206, 1.3978, 98, 23.52
11:31:36 AM, 141.72, 146.2211, 1.4076, 102, 22.94
11:31:37 AM, 141.72, 146.4209, 1.4125, 98, 22.94
11:31:38 AM, 141.72, 146.6206, 1.3978, 102, 25.27
11:31:39 AM, 141.52, 146.2211, 1.3978, 98, 23.33
11:31:40 AM, 141.52, 146.2211, 1.3978, 98, 22.36
11:31:41 AM, 141.72, 146.2211, 1.4174, 102, 22.94
11:31:42 AM, 142.11, 146.6206, 1.3881, 102, 22.36
11:31:43 AM, 142.30, 146.2211, 1.3783, 98, 22.94
11:31:44 AM, 142.30, 147.0201, 1.3587, 102, 22.55
11:31:45 AM, 142.11, 147.0201, 1.3636, 102, 22.94
11:31:46 AM, 142.11, 146.6206, 1.3734, 98, 22.55
11:31:47 AM, 142.11, 146.8204, 1.3685, 102, 22.94
11:31:48 AM, 142.11, 146.8204, 1.3685, 98, 23.33
11:31:49 AM, 142.11, 147.0201, 1.3636, 98, 23.33
11:31:50 AM, 141.72, 146.6206, 1.3881, 98, 22.74
11:31:51 AM, 141.33, 146.2211, 1.4027, 98, 23.13
11:31:52 AM, 141.52, 145.8216, 1.4370, 102, 22.94
11:31:53 AM, 141.52, 146.2211, 1.3881, 98, 22.36
11:31:54 AM, 141.52, 146.2211, 1.3881, 102, 21.97
11:31:55 AM, 141.52, 146.4209, 1.4076, 98, 23.33
11:31:56 AM, 141.33, 146.2211, 1.3881, 98, 23.33
11:31:57 AM, 141.52, 146.2211, 1.4418, 98, 23.33
11:31:58 AM, 141.72, 146.2211, 1.4174, 102, 22.94
11:31:59 AM, 141.91, 146.6206, 1.3881, 98, 23.33
11:32:00 AM, 142.11, 146.6206, 1.3636, 102, 23.33
11:32:01 AM, 142.11, 147.0201, 1.3636, 98, 22.94
11:32:02 AM, 141.91, 146.6206, 1.3685, 98, 22.55
11:32:03 AM, 141.72, 146.6206, 1.3978, 102, 23.72
11:32:04 AM, 141.33, 146.6206, 1.4076, 98, 22.74
11:32:05 AM, 141.72, 146.2211, 1.4174, 102, 22.55
11:32:06 AM, 141.72, 146.4209, 1.4027, 98, 23.33
11:32:07 AM, 141.72, 147.0201, 1.3978, 102, 22.55
11:32:08 AM, 141.72, 146.2211, 1.3978, 98, 22.94
11:32:09 AM, 141.33, 146.2211, 1.3734, 98, 21.58
11:32:10 AM, 141.52, 145.8216, 1.4370, 102, 23.13
11:32:11 AM, 141.52, 146.2211, 1.4174, 98, 22.74
11:32:12 AM, 141.72, 146.0214, 1.4272, 98, 23.33
11:32:13 AM, 141.72, 146.4209, 1.4174, 98, 22.94
11:32:14 AM, 141.72, 146.4209, 1.3930, 102, 22.55
11:32:15 AM, 141.72, 146.2211, 1.4125, 98, 22.74
11:32:16 AM, 141.52, 146.6206, 1.4076, 102, 22.55
11:32:17 AM, 141.33, 146.2211, 1.4272, 98, 22.94
11:32:18 AM, 141.33, 145.8216, 1.4321, 98, 23.33
11:32:19 AM, 141.72, 146.0214, 1.3978, 98, 23.13
11:32:20 AM, 141.72, 146.6206, 1.3978, 102, 24.88
11:32:21 AM, 141.33, 146.4209, 1.3832, 98, 22.94
11:32:22 AM, 141.33, 145.8216, 1.4370, 98, 22.94
11:32:23 AM, 141.33, 145.8216, 1.4370, 102, 22.94
11:32:24 AM, 141.52, 145.8216, 1.4467, 98, 22.94
11:32:25 AM, 141.72, 146.0214, 1.3978, 98, 23.33
11:32:26 AM, 141.72, 146.4209, 1.4125, 102, 22.94
11:32:27 AM, 141.91, 146.6206, 1.3930, 98, 22.55
11:32:28 AM, 141.91, 146.6206, 1.3783, 102, 23.13
11:32:29 AM, 141.72, 146.6206, 1.3636, 98, 22.74
11:32:30 AM, 141.91, 146.6206, 1.4076, 98, 23.13
11:32:31 AM, 142.11, 146.4209, 1.4027, 102, 23.13
11:32:32 AM, 142.11, 146.8204, 1.3783, 98, 22.55
11:32:33 AM, 142.11, 146.8204, 1.3783, 98, 23.33
11:32:34 AM, 141.72, 146.6206, 1.3783, 98, 23.13
11:32:35 AM, 141.91, 145.8216, 1.4027, 98, 22.94
11:32:36 AM, 141.91, 146.6206, 1.3685, 102, 22.74
11:32:37 AM, 142.11, 146.4209, 1.3881, 98, 22.36
11:32:38 AM, 142.11, 146.6206, 1.3392, 102, 22.55
11:32:39 AM, 142.30, 146.2211, 1.3734, 98, 22.74
11:32:40 AM, 142.30, 147.0201, 1.3587, 98, 23.13
11:32:41 AM, 142.11, 147.0201, 1.3636, 102, 22.94
11:32:42 AM, 141.72, 146.6206, 1.3783, 102, 23.13
11:32:43 AM, 141.91, 146.2211, 1.4076, 98, 23.13
11:32:44 AM, 142.11, 146.6206, 1.3978, 98, 22.36
11:32:45 AM, 142.11, 146.2211, 1.3685, 102, 22.94
11:32:46 AM, 142.30, 147.8192, 1.3587, 98, 21.58
11:32:47 AM, 142.30, 147.0201, 1.3539, 102, 22.36
11:32:48 AM, 141.91, 147.0201, 1.3587, 98, 22.36
11:32:49 AM, 141.91, 146.4209, 1.4076, 102, 22.94
11:32:50 AM, 142.11, 146.4209, 1.4027, 98, 23.13
11:32:51 AM, 142.11, 146.8204, 1.3734, 102, 23.13
11:32:52 AM, 142.11, 146.8204, 1.3734, 102, 22.36
11:32:53 AM, 141.91, 146.8204, 1.3539, 98, 23.13
11:32:54 AM, 141.72, 146.6206, 1.3832, 102, 23.33
11:32:55 AM, 141.91, 146.0214, 1.4027, 98, 22.36
11:32:56 AM, 142.11, 146.8204, 1.3685, 98, 22.94
11:32:57 AM, 141.91, 147.0201, 1.3490, 98, 23.13
11:32:58 AM, 141.72, 146.6206, 1.3881, 102, 21.58
11:32:59 AM, 141.52, 146.4209, 1.3978, 98, 22.55
11:33:00 AM, 141.72, 146.2211, 1.3930, 102, 23.33
11:33:01 AM, 141.91, 146.2211, 1.3930, 98, 22.74
11:33:02 AM, 142.11, 146.4209, 1.3930, 98, 22.94
11:33:03 AM, 142.11, 146.8204, 1.3490, 102, 22.94
11:33:04 AM, 141.91, 146.8204, 1.3636, 102, 22.94
11:33:05 AM, 141.72, 146.6206, 1.3881, 98, 22.55
11:33:06 AM, 141.52, 146.4209, 1.3930, 98, 22.94
11:33:07 AM, 141.52, 146.0214, 1.4076, 102, 22.55
11:33:08 AM, 141.72, 146.2211, 1.4174, 98, 23.72
11:33:09 AM, 141.72, 146.2211, 1.4027, 102, 22.94
11:33:10 AM, 141.91, 146.4209, 1.4125, 98, 23.13
11:33:11 AM, 141.52, 147.0201, 1.3734, 102, 23.13
11:33:12 AM, 141.72, 146.2211, 1.4174, 98, 23.13
11:33:13 AM, 141.91, 146.2211, 1.3587, 102, 23.33
11:33:14 AM, 142.11, 146.6206, 1.3930, 98, 23.13
11:33:15 AM, 142.11, 146.8204, 1.3636, 102, 22.94
11:33:16 AM, 142.11, 146.8204, 1.3783, 98, 22.94
11:33:17 AM, 141.91, 146.6206, 1.3539, 98, 22.74
11:33:18 AM, 141.91, 145.8216, 1.3978, 98, 23.13
11:33:19 AM, 142.11, 146.4209, 1.3881, 102, 22.36
11:33:20 AM, 142.11, 146.6206, 1.3587, 98, 23.52
11:33:21 AM, 142.11, 146.6206, 1.3392, 102, 23.13
11:33:22 AM, 142.11, 146.6206, 1.3636, 98, 23.72
11:33:23 AM, 142.30, 148.8179, 1.3685, 98, 22.36
11:33:24 AM, 142.11, 146.4209, 1.3587, 102, 23.13
11:33:25 AM, 141.91, 147.0201, 1.4418, 98, 24.11
11:33:26 AM, 142.11, 146.4209, 1.3978, 98, 22.55
11:33:27 AM, 142.11, 146.8204, 1.4370, 102, 21.58
11:33:28 AM, 142.11, 147.0201, 1.3636, 98, 23.13
11:33:29 AM, 142.11, 146.6206, 1.3783, 98, 22.55
11:33:30 AM, 142.11, 146.8204, 1.3539, 102, 22.74
11:33:31 AM, 142.11, 147.0201, 1.3441, 98, 22.16
11:33:32 AM, 141.91, 146.8204, 1.3587, 102, 22.55
11:33:33 AM, 141.91, 146.4209, 1.3978, 102, 22.74
11:33:34 AM, 141.91, 146.6206, 1.4467, 98, 21.58
11:33:35 AM, 142.11, 146.6206, 1.3636, 98, 22.55
11:33:36 AM, 142.11, 147.0201, 1.3685, 102, 22.16
11:33:37 AM, 142.11, 147.2199, 1.3783, 98, 22.94
11:33:38 AM, 141.91, 146.8204, 1.3783, 98, 25.66
11:33:39 AM, 141.91, 146.6206, 1.3978, 102, 26.24
11:33:40 AM, 141.91, 146.6206, 1.3978, 98, 22.94
11:33:41 AM, 142.11, 147.0201, 1.3685, 102, 22.74
11:33:42 AM, 142.11, 147.0201, 1.3734, 98, 23.13
11:33:43 AM, 141.91, 146.8204, 1.3734, 98, 22.55
11:33:44 AM, 141.72, 147.0201, 1.3783, 102, 23.72
11:33:45 AM, 141.91, 146.0214, 1.3881, 98, 22.16
11:33:46 AM, 142.11, 146.6206, 1.3881, 98, 23.13
11:33:47 AM, 142.11, 146.6206, 1.3685, 102, 22.55
11:33:48 AM, 142.11, 147.0201, 1.3685, 98, 22.74
11:33:49 AM, 141.91, 147.0201, 1.3783, 102, 22.94
11:33:50 AM, 141.72, 146.2211, 1.4076, 102, 22.94
11:33:51 AM, 141.91, 146.4209, 1.4174, 98, 22.55
11:33:52 AM, 142.11, 147.0201, 1.3734, 102, 22.94
11:33:53 AM, 142.11, 147.0201, 1.3441, 102, 23.52
11:33:54 AM, 142.11, 147.0201, 1.3539, 98, 22.74
11:33:55 AM, 141.72, 146.4209, 1.3930, 102, 22.74
11:33:56 AM, 141.91, 146.6206, 1.3978, 98, 23.33
11:33:57 AM, 141.91, 146.6206, 1.3832, 98, 22.94
11:33:58 AM, 142.11, 146.6206, 1.3978, 102, 22.94
11:33:59 AM, 141.91, 146.8204, 1.3783, 102, 23.33
11:34:00 AM, 141.72, 146.6206, 1.4027, 98, 22.94
11:34:01 AM, 141.33, 146.4209, 1.3978, 98, 22.94
11:34:02 AM, 141.33, 145.8216, 1.4272, 102, 22.55
11:34:03 AM, 141.52, 145.8216, 1.4174, 98, 23.33
11:34:04 AM, 141.72, 146.0214, 1.4076, 102, 23.13
11:34:05 AM, 141.72, 146.4209, 1.3978, 98, 22.55
11:34:06 AM, 141.72, 146.4209, 1.4027, 98, 22.74
11:34:07 AM, 141.72, 146.4209, 1.3930, 102, 23.13
11:34:08 AM, 141.33, 146.4209, 1.4076, 98, 22.74
11:34:09 AM, 141.13, 146.0214, 1.4370, 98, 23.52
11:34:10 AM, 141.52, 146.2211, 1.4418, 102, 22.36
11:34:11 AM, 141.72, 146.2211, 1.4174, 98, 22.36
11:34:12 AM, 141.91, 146.6206, 1.3832, 102, 22.94
11:34:13 AM, 142.11, 146.6206, 1.3832, 102, 22.74
11:34:14 AM, 142.11, 146.8204, 1.3783, 98, 22.74
11:34:15 AM, 141.91, 147.0201, 1.3783, 102, 22.94
11:34:16 AM, 141.72, 146.6206, 1.4076, 98, 22.74
11:34:17 AM, 141.52, 146.4209, 1.4125, 98, 22.55
11:34:18 AM, 141.72, 146.2211, 1.4125, 102, 23.33
11:34:19 AM, 141.72, 146.6206, 1.4027, 98, 25.08
11:34:20 AM, 141.72, 146.4209, 1.3978, 98, 22.94
11:34:21 AM, 141.72, 146.6206, 1.3978, 102, 22.74
11:34:22 AM, 141.33, 146.4209, 1.4027, 98, 22.55
11:34:23 AM, 141.52, 145.8216, 1.4370, 98, 22.94
11:34:24 AM, 141.72, 146.4209, 1.4076, 102, 22.16
11:34:25 AM, 142.11, 146.6206, 1.3636, 102, 23.72
11:34:26 AM, 142.11, 147.0201, 1.3587, 98, 22.16
11:34:27 AM, 141.91, 147.0201, 1.3539, 98, 22.55
11:34:28 AM, 141.72, 146.6206, 1.3881, 102, 23.33
11:34:29 AM, 141.91, 146.6206, 1.3978, 98, 22.94
11:34:30 AM, 142.11, 146.4209, 1.3978, 102, 22.55
11:34:31 AM, 142.11, 147.0201, 1.3783, 98, 23.33
11:34:32 AM, 142.11, 147.0201, 1.3636, 102, 23.33
11:34:33 AM, 142.11, 147.0201, 1.3783, 98, 23.13
11:34:34 AM, 142.11, 147.0201, 1.3783, 102, 23.33
11:34:35 AM, 141.91, 146.8204, 1.3587, 98, 23.13
11:34:36 AM, 141.72, 146.6206, 1.3734, 98, 22.94
11:34:37 AM, 141.52, 146.4209, 1.4027, 102, 22.94
11:34:38 AM, 141.72, 146.2211, 1.4076, 98, 22.94
11:34:39 AM, 141.91, 146.4209, 1.3978, 98, 21.97
11:34:40 AM, 142.11, 146.6206, 1.3783, 98, 22.94
11:34:41 AM, 142.11, 148.2187, 1.3490, 102, 22.74
11:34:42 AM, 142.11, 146.6206, 1.3636, 98, 22.94
11:34:43 AM, 141.91, 146.8204, 1.3734, 102, 23.13
11:34:44 AM, 141.72, 146.6206, 1.3832, 98, 22.94
11:34:45 AM, 141.52, 145.8216, 1.4076, 102, 22.74
11:34:46 AM, 141.72, 146.4209, 1.4174, 98, 23.13
11:34:47 AM, 141.72, 146.2211, 1.3783, 98, 22.94
11:34:48 AM, 141.33, 146.4209, 1.3978, 98, 22.74
11:34:49 AM, 141.52, 145.8216, 1.4418, 102, 23.13
11:34:50 AM, 141.72, 146.4209, 1.4223, 98, 22.94
11:34:51 AM, 141.91, 146.2211, 1.4174, 102, 22.94
11:34:52 AM, 142.11, 146.4209, 1.3783, 98, 21.97
11:34:53 AM, 142.11, 147.0201, 1.3636, 102, 23.33
11:34:54 AM, 141.91, 147.0201, 1.3636, 98, 22.94
11:34:55 AM, 141.72, 146.2211, 1.3881, 102, 22.36
11:34:56 AM, 141.33, 146.2211, 1.3930, 98, 23.13
11:34:57 AM, 141.52, 145.8216, 1.4418, 98, 22.74
11:34:58 AM, 141.72, 146.4209, 1.4125, 102, 22.55
11:34:59 AM, 141.91, 146.4209, 1.4076, 98, 22.16
11:35:00 AM, 141.91, 146.6206, 1.3734, 98, 22.74
11:35:01 AM, 141.72, 146.4209, 1.3881, 102, 22.55
11:35:02 AM, 141.72, 146.6206, 1.4027, 102, 22.94
11:35:03 AM, 141.91, 146.2211, 1.3930, 98, 23.13
11:35:04 AM, 142.11, 146.8204, 1.3978, 98, 22.16
11:35:05 AM, 142.11, 146.8204, 1.3734, 98, 22.16
11:35:06 AM, 142.11, 146.8204, 1.3636, 98, 22.94
11:35:07 AM, 142.30, 146.6206, 1.3685, 102, 22.74
11:35:08 AM, 142.11, 147.2199, 1.3636, 98, 22.94
11:35:09 AM, 141.91, 146.6206, 1.3978, 98, 22.94
11:35:10 AM, 141.91, 149.4172, 1.3978, 102, 22.36
11:35:11 AM, 142.11, 146.6206, 1.3832, 98, 23.13
11:35:12 AM, 142.11, 146.2211, 1.3636, 98, 22.94
11:35:13 AM, 141.91, 146.8204, 1.3490, 102, 23.33
11:35:14 AM, 141.52, 146.6206, 1.3930, 98, 22.94
11:35:15 AM, 141.72, 146.2211, 1.4125, 102, 23.33
11:35:16 AM, 141.91, 146.4209, 1.4174, 98, 22.55
11:35:17 AM, 142.11, 146.2211, 1.3978, 98, 23.13
11:35:18 AM, 142.11, 146.8204, 1.3685, 102, 22.94
11:35:19 AM, 141.91, 146.8204, 1.3636, 102, 22.55
11:35:20 AM, 141.72, 146.6206, 1.3685, 98, 23.13
11:35:21 AM, 141.91, 146.4209, 1.3881, 102, 23.33
11:35:22 AM, 141.91, 145.8216, 1.3881, 98, 22.55
11:35:23 AM, 142.11, 146.4209, 1.3832, 102, 23.33
11:35:24 AM, 142.11, 146.8204, 1.3734, 102, 22.94
11:35:25 AM, 142.11, 147.0201, 1.3685, 98, 22.16
11:35:26 AM, 141.91, 147.4196, 1.3783, 102, 24.11
11:35:27 AM, 141.72, 146.6206, 1.3832, 98, 22.94
11:35:28 AM, 141.91, 146.2211, 1.3978, 98, 23.13
11:35:29 AM, 142.11, 146.6206, 1.3392, 102, 23.33
11:35:30 AM, 142.11, 146.8204, 1.3392, 98, 23.33
11:35:31 AM, 142.11, 146.8204, 1.3490, 98, 22.74
11:35:32 AM, 141.91, 146.4209, 1.3685, 98, 22.55
11:35:33 AM, 141.52, 146.6206, 1.3881, 102, 23.13
11:35:34 AM, 141.72, 146.2211, 1.3978, 98, 23.13
11:35:35 AM, 141.72, 146.4209, 1.4125, 98, 22.94
11:35:36 AM, 141.72, 146.2211, 1.4076, 102, 23.13
11:35:37 AM, 141.72, 147.0201, 1.4174, 98, 23.13
11:35:38 AM, 141.52, 146.4209, 1.4125, 98, 22.94
11:35:39 AM, 141.33, 145.8216, 1.4272, 98, 22.94
11:35:40 AM, 141.52, 146.0214, 1.4370, 98, 22.55
11:35:41 AM, 141.72, 146.2211, 1.3978, 102, 22.94
11:35:42 AM, 141.72, 147.0201, 1.3783, 98, 23.13
11:35:43 AM, 141.72, 146.6206, 1.3783, 102, 23.13
11:35:44 AM, 141.72, 146.4209, 1.3978, 98, 22.74
11:35:45 AM, 141.52, 146.4209, 1.4027, 98, 22.94
11:35:46 AM, 141.91, 146.4209, 1.4076, 98, 22.55
11:35:47 AM, 141.72, 146.6206, 1.3978, 98, 23.13
11:35:48 AM, 141.91, 146.2211, 1.4076, 102, 21.77
11:35:49 AM, 142.11, 146.6206, 1.3636, 98, 23.33
11:35:50 AM, 142.11, 146.8204, 1.3636, 102, 22.94
11:35:51 AM, 142.11, 147.0201, 1.3636, 102, 22.36
11:35:52 AM, 142.11, 147.0201, 1.3734, 98, 22.55
11:35:53 AM, 142.11, 147.0201, 1.3685, 102, 23.13
11:35:54 AM, 141.72, 146.6206, 1.3685, 98, 23.52
11:35:55 AM, 141.91, 146.4209, 1.4076, 102, 22.55
11:35:56 AM, 142.11, 146.6206, 1.3783, 98, 22.94
11:35:57 AM, 142.11, 146.6206, 1.3734, 102, 22.74
11:35:58 AM, 141.91, 146.8204, 1.3636, 102, 23.72
11:35:59 AM, 141.72, 146.6206, 1.3930, 98, 22.36
11:36:00 AM, 141.91, 146.6206, 1.3930, 102, 22.94
11:36:01 AM, 142.11, 146.8204, 1.3783, 102, 22.55
11:36:02 AM, 142.11, 146.8204, 1.3587, 98, 22.74
11:36:03 AM, 142.30, 147.0201, 1.3783, 98, 22.94
11:36:04 AM, 142.30, 146.2211, 1.3245, 102, 23.33
11:36:05 AM, 142.11, 147.2199, 1.3392, 98, 23.13
11:36:06 AM, 141.91, 146.8204, 1.3685, 102, 22.94
11:36:07 AM, 142.11, 146.6206, 1.3636, 98, 22.74
11:36:08 AM, 142.11, 147.0201, 1.3636, 102, 22.36
11:36:09 AM, 142.11, 146.6206, 1.3490, 98, 22.16
11:36:10 AM, 142.11, 146.8204, 1.3636, 98, 22.94
11:36:11 AM, 141.91, 146.4209, 1.3636, 102, 23.13
11:36:12 AM, 141.52, 146.6206, 1.3832, 98, 22.94
11:36:13 AM, 141.72, 146.2211, 1.4027, 102, 22.94
11:36:14 AM, 141.91, 146.4209, 1.4174, 102, 22.94
11:36:15 AM, 142.11, 146.2211, 1.3734, 98, 23.13
11:36:16 AM, 142.11, 146.8204, 1.3636, 98, 23.33
11:36:17 AM, 141.91, 146.8204, 1.3636, 98, 22.94
11:36:18 AM, 141.72, 146.4209, 1.3832, 102, 21.77
11:36:19 AM, 141.91, 146.6206, 1.4027, 98, 22.94
11:36:20 AM, 142.11, 146.0214, 1.3978, 102, 22.94
11:36:21 AM, 142.11, 147.0201, 1.3783, 98, 22.74
11:36:22 AM, 141.91, 146.8204, 1.3783, 98, 22.94
11:36:23 AM, 141.91, 146.6206, 1.4076, 98, 23.52
11:36:24 AM, 141.72, 146.8204, 1.3930, 102, 22.94
