Time, Heater Temp[C], Heater Voltage[V], Sense Voltage[V], Fan Speed[%], Ambient Temp[C]
10:54:44 AM, 95.45, 158.4062, 0.7625, 102, 23.72
10:54:45 AM, 95.45, 158.6060, 0.7331, 98, 24.69
10:54:46 AM, 95.45, 158.2065, 0.7478, 98, 23.91
10:54:47 AM, 95.45, 158.0067, 0.7576, 102, 24.11
10:54:48 AM, 95.45, 158.4062, 0.7380, 98, 24.30
10:54:49 AM, 95.45, 158.4062, 0.7527, 102, 24.11
10:54:50 AM, 95.06, 158.2065, 0.7478, 102, 23.72
10:54:51 AM, 94.87, 157.8069, 0.7918, 98, 23.72
10:54:52 AM, 94.67, 157.4074, 0.7967, 98, 23.72
10:54:53 AM, 94.67, 157.8069, 0.8016, 102, 25.47
10:54:54 AM, 94.67, 157.4074, 0.8358, 98, 23.72
10:54:55 AM, 94.67, 157.2077, 0.8113, 102, 31.88
10:54:56 AM, 94.87, 157.2077, 0.8162, 98, 24.11
10:54:57 AM, 94.67, 157.8069, 0.8016, 102, 24.30
10:54:58 AM, 94.67, 157.4074, 0.8407, 98, 24.11
10:54:59 AM, 94.67, 157.4074, 0.8407, 102, 23.72
10:55:00 AM, 94.48, 157.2077, 0.8162, 98, 24.49
10:55:01 AM, 94.67, 157.4074, 0.8456, 102, 23.72
10:55:02 AM, 94.67, 157.4074, 0.8358, 98, 23.33
10:55:03 AM, 94.67, 157.2077, 0.8309, 98, 24.30
10:55:04 AM, 94.67, 157.4074, 0.8309, 102, 23.72
10:55:05 AM, 94.67, 157.4074, 0.8065, 98, 24.30
10:55:06 AM, 94.87, 157.4074, 0.8260, 102, 27.02
10:55:07 AM, 94.67, 157.6072, 0.8113, 98, 23.72
10:55:08 AM, 94.87, 157.4074, 0.8407, 102, 25.27
10:55:09 AM, 94.87, 157.6072, 0.8113, 98, 24.49
10:55:10 AM, 94.87, 157.4074, 0.8309, 102, 23.72
10:55:11 AM, 94.87, 157.8069, 0.8309, 98, 24.11
10:55:12 AM, 94.67, 157.2077, 0.8309, 98, 23.13
10:55:13 AM, 94.48, 157.4074, 0.8407, 98, 23.91
10:55:14 AM, 94.48, 157.0079, 0.8553, 102, 23.91
10:55:15 AM, 94.67, 157.4074, 0.8456, 98, 24.49
10:55:16 AM, 94.67, 157.2077, 0.8162, 102, 24.30
10:55:17 AM, 94.48, 157.4074, 0.8358, 98, 23.52
10:55:18 AM, 94.48, 156.8082, 0.8456, 102, 24.11
10:55:19 AM, 94.67, 157.4074, 0.8407, 102, 23.33
10:55:20 AM, 94.67, 157.6072, 0.8407, 98, 24.88
10:55:21 AM, 94.67, 156.8082, 0.8358, 102, 24.30
10:55:22 AM, 94.48, 160.0043, 0.8113, 98, 24.11
10:55:23 AM, 94.67, 157.0079, 0.8456, 102, 24.30
10:55:24 AM, 94.67, 157.4074, 0.8407, 102, 23.33
10:55:25 AM, 94.87, 157.4074, 0.8407, 98, 23.72
10:55:26 AM, 94.87, 157.4074, 0.8113, 102, 25.27
10:55:27 AM, 94.67, 157.6072, 0.8016, 102, 23.72
10:55:28 AM, 94.67, 158.6060, 0.8211, 98, 24.11
10:55:29 AM, 94.87, 157.2077, 0.8358, 98, 24.11
10:55:30 AM, 94.87, 157.6072, 0.7918, 102, 24.30
10:55:31 AM, 94.87, 157.2077, 0.8211, 98, 24.11
10:55:32 AM, 94.87, 157.4074, 0.8211, 98, 23.72
10:55:33 AM, 94.87, 157.8069, 0.8016, 98, 24.49
10:55:34 AM, 94.67, 157.4074, 0.8456, 98, 23.72
10:55:35 AM, 94.87, 157.4074, 0.8358, 102, 24.30
10:55:36 AM, 94.87, 157.8069, 0.8211, 98, 21.77
10:55:37 AM, 94.87, 158.2065, 0.8016, 102, 23.52
10:55:38 AM, 94.87, 157.8069, 0.8211, 98, 27.60
10:55:39 AM, 94.67, 157.4074, 0.8065, 102, 24.11
10:55:40 AM, 94.48, 157.4074, 0.8260, 98, 21.58
10:55:41 AM, 94.48, 157.4074, 0.8504, 102, 24.49
10:55:42 AM, 94.67, 157.2077, 0.8309, 102, 24.11
10:55:43 AM, 94.67, 157.4074, 0.8211, 98, 24.11
10:55:44 AM, 94.87, 157.2077, 0.8211, 102, 23.72
10:55:45 AM, 94.67, 157.4074, 0.8260, 98, 24.69
10:55:46 AM, 94.87, 157.4074, 0.8016, 102, 24.49
10:55:47 AM, 95.06, 157.8069, 0.8016, 98, 23.91
10:55:48 AM, 95.26, 157.8069, 0.7918, 102, 23.52
10:55:49 AM, 95.26, 158.0067, 0.7820, 102, 23.91
10:55:50 AM, 95.06, 158.0067, 0.7771, 98, 24.11
10:55:51 AM, 94.87, 157.6072, 0.7967, 98, 24.88
10:55:52 AM, 94.87, 157.4074, 0.8211, 98, 24.11
10:55:53 AM, 94.87, 157.4074, 0.7967, 98, 24.30
10:55:54 AM, 94.87, 157.4074, 0.7918, 98, 23.13
10:55:55 AM, 94.87, 157.4074, 0.8358, 98, 21.58
10:55:56 AM, 94.67, 157.4074, 0.8260, 98, 23.91
10:55:57 AM, 94.48, 157.2077, 0.8407, 102, 24.11
10:55:58 AM, 94.48, 156.4087, 0.8602, 98, 23.52
10:55:59 AM, 94.67, 157.2077, 0.8504, 102, 24.69
10:56:00 AM, 94.67, 157.4074, 0.8309, 98, 23.13
10:56:01 AM, 94.87, 157.0079, 0.8358, 102, 23.72
10:56:02 AM, 94.87, 157.4074, 0.8211, 98, 23.13
10:56:03 AM, 94.87, 157.4074, 0.8211, 102, 23.13
10:56:04 AM, 94.67, 157.4074, 0.8016, 102, 24.11
10:56:05 AM, 94.48, 157.2077, 0.8016, 98, 24.11
10:56:06 AM, 94.67, 157.2077, 0.8211, 102, 24.11
10:56:07 AM, 94.67, 157.6072, 0.8065, 98, 24.11
10:56:08 AM, 94.67, 157.4074, 0.8407, 102, 23.72
10:56:09 AM, 94.87, 157.4074, 0.8407, 98, 24.49
10:56:10 AM, 94.87, 157.4074, 0.8309, 102, 23.33
10:56:11 AM, 94.67, 157.4074, 0.8113, 102, 24.11
10:56:12 AM, 94.87, 156.8082, 0.8065, 98, 23.72
10:56:13 AM, 94.87, 157.6072, 0.8211, 102, 23.33
10:56:14 AM, 94.87, 157.4074, 0.8211, 98, 23.33
10:56:15 AM, 94.87, 157.6072, 0.8162, 102, 23.52
10:56:16 AM, 94.87, 157.4074, 0.8016, 98, 24.30
10:56:17 AM, 94.87, 157.2077, 0.7967, 102, 24.30
10:56:18 AM, 94.87, 157.4074, 0.8162, 98, 23.91
10:56:19 AM, 95.06, 157.4074, 0.8162, 98, 24.30
10:56:20 AM, 95.26, 157.8069, 0.8016, 98, 26.44
10:56:21 AM, 95.26, 157.8069, 0.7869, 102, 26.44
10:56:22 AM, 95.45, 158.2065, 0.7918, 98, 23.72
10:56:23 AM, 95.45, 158.2065, 0.7380, 98, 24.49
10:56:24 AM, 95.45, 158.2065, 0.7331, 102, 24.30
10:56:25 AM, 95.06, 158.4062, 0.7625, 98, 24.11
10:56:26 AM, 94.87, 157.4074, 0.8162, 98, 24.11
10:56:27 AM, 94.87, 157.4074, 0.8113, 102, 23.13
10:56:28 AM, 94.87, 157.4074, 0.8113, 102, 24.11
10:56:29 AM, 94.87, 158.2065, 0.8113, 98, 24.30
10:56:30 AM, 94.87, 157.6072, 0.8211, 102, 24.11
10:56:31 AM, 94.87, 157.4074, 0.8798, 102, 24.11
10:56:32 AM, 94.87, 157.4074, 0.8211, 102, 23.91
10:56:33 AM, 94.87, 157.4074, 0.8211, 98, 23.33
10:56:34 AM, 94.87, 157.2077, 0.8065, 98, 24.11
10:56:35 AM, 94.87, 157.4074, 0.8211, 98, 23.52
10:56:36 AM, 94.87, 157.6072, 0.8016, 98, 24.11
10:56:37 AM, 94.87, 157.4074, 0.8113, 98, 23.72
10:56:38 AM, 94.87, 157.4074, 0.8162, 98, 22.94
10:56:39 AM, 94.87, 157.4074, 0.8162, 98, 24.49
10:56:40 AM, 94.67, 157.4074, 0.8162, 98, 24.11
10:56:41 AM, 94.48, 156.6084, 0.8504, 98, 24.11
10:56:42 AM, 94.67, 157.0079, 0.8504, 98, 23.91
10:56:43 AM, 94.67, 157.0079, 0.8309, 98, 24.49
10:56:44 AM, 94.67, 157.0079, 0.8113, 98, 24.49
10:56:45 AM, 94.67, 157.2077, 0.8309, 98, 24.49
10:56:46 AM, 94.67, 166.1967, 0.8309, 98, 23.72
10:56:47 AM, 94.67, 157.6072, 0.8358, 102, 23.72
10:56:48 AM, 94.48, 157.0079, 0.8260, 102, 24.30
10:56:49 AM, 94.48, 157.0079, 0.8162, 102, 24.49
10:56:50 AM, 94.67, 157.2077, 0.8553, 98, 23.13
10:56:51 AM, 94.67, 157.2077, 0.8407, 98, 24.49
10:56:52 AM, 94.67, 157.2077, 0.8309, 98, 23.91
10:56:53 AM, 94.87, 159.6047, 0.8407, 98, 24.69
10:56:54 AM, 94.67, 157.8069, 0.7918, 98, 25.66
10:56:55 AM, 94.87, 157.4074, 0.8309, 102, 23.72
10:56:56 AM, 94.87, 157.2077, 0.8162, 102, 23.72
10:56:57 AM, 94.87, 160.0043, 0.8211, 102, 23.72
10:56:58 AM, 94.87, 157.4074, 0.8113, 102, 23.72
10:56:59 AM, 94.87, 157.4074, 0.7918, 102, 24.88
10:57:00 AM, 94.87, 157.6072, 0.8211, 102, 23.72
10:57:01 AM, 94.67, 157.4074, 0.9189, 102, 24.49
10:57:02 AM, 94.67, 157.4074, 0.8358, 102, 23.52
10:57:03 AM, 94.48, 157.0079, 0.8504, 102, 24.30
10:57:04 AM, 94.67, 157.2077, 0.8553, 102, 24.49
10:57:05 AM, 94.67, 157.2077, 0.8211, 102, 24.11
10:57:06 AM, 94.87, 157.4074, 0.8162, 102, 23.72
10:57:07 AM, 94.87, 157.6072, 0.8211, 102, 24.30
10:57:08 AM, 94.67, 157.6072, 0.8260, 102, 24.49
10:57:09 AM, 94.87, 157.0079, 0.8016, 102, 24.49
10:57:10 AM, 95.06, 157.4074, 0.7771, 98, 24.11
10:57:11 AM, 95.06, 158.2065, 0.7967, 98, 24.11
10:57:12 AM, 94.87, 157.8069, 0.7820, 98, 23.33
10:57:13 AM, 94.87, 157.4074, 0.8309, 98, 24.49
10:57:14 AM, 94.87, 157.4074, 0.8309, 98, 23.72
10:57:15 AM, 94.87, 157.6072, 0.8016, 102, 24.30
10:57:16 AM, 94.87, 157.2077, 0.8016, 102, 23.91
10:57:17 AM, 94.87, 157.6072, 0.8016, 98, 24.30
10:57:18 AM, 94.87, 157.4074, 0.8309, 98, 23.72
10:57:19 AM, 94.67, 157.4074, 0.8162, 98, 24.69
10:57:20 AM, 94.87, 157.4074, 0.8358, 102, 23.13
10:57:21 AM, 94.87, 157.6072, 0.8162, 102, 23.72
10:57:22 AM, 94.87, 158.2065, 0.8211, 98, 23.13
10:57:23 AM, 94.87, 158.2065, 0.8162, 98, 23.72
10:57:24 AM, 94.67, 157.6072, 0.8016, 98, 24.11
10:57:25 AM, 94.48, 157.0079, 0.8456, 102, 23.91
10:57:26 AM, 94.67, 157.0079, 0.8504, 98, 24.11
10:57:27 AM, 94.67, 157.2077, 0.8309, 98, 21.58
10:57:28 AM, 94.67, 157.6072, 0.8309, 98, 24.11
10:57:29 AM, 94.67, 157.4074, 0.8847, 98, 24.49
10:57:30 AM, 94.67, 157.4074, 0.8407, 102, 23.91
10:57:31 AM, 94.67, 157.8069, 0.8456, 102, 23.91
10:57:32 AM, 94.87, 157.2077, 0.8407, 98, 24.49
10:57:33 AM, 94.87, 157.4074, 0.7967, 98, 23.91
10:57:34 AM, 94.87, 157.4074, 0.8211, 102, 24.11
10:57:35 AM, 94.87, 157.4074, 0.8065, 98, 23.91
10:57:36 AM, 94.87, 157.4074, 0.8211, 98, 24.88
10:57:37 AM, 94.67, 157.4074, 0.8065, 98, 24.30
10:57:38 AM, 94.87, 157.2077, 0.8065, 102, 24.11
10:57:39 AM, 95.06, 157.8069, 0.8260, 102, 27.22
10:57:40 AM, 95.06, 157.8069, 0.8065, 98, 24.11
10:57:41 AM, 95.06, 158.2065, 0.8065, 102, 23.52
10:57:42 AM, 94.87, 158.0067, 0.7380, 102, 24.88
10:57:43 AM, 94.87, 157.6072, 0.8309, 98, 24.11
10:57:44 AM, 94.67, 157.4074, 0.8162, 98, 23.72
10:57:45 AM, 94.67, 157.4074, 0.8407, 98, 24.11
10:57:46 AM, 94.87, 157.2077, 0.8309, 102, 24.30
10:57:47 AM, 94.87, 156.8082, 0.8260, 98, 23.52
10:57:48 AM, 94.67, 157.4074, 0.8113, 98, 24.30
10:57:49 AM, 94.87, 157.4074, 0.8162, 98, 24.49
10:57:50 AM, 94.87, 157.4074, 0.8162, 98, 23.91
10:57:51 AM, 94.87, 157.6072, 0.8162, 102, 24.11
10:57:52 AM, 94.87, 157.4074, 0.8211, 102, 24.11
10:57:53 AM, 94.87, 157.4074, 0.8162, 98, 24.11
10:57:54 AM, 94.87, 157.4074, 0.8260, 98, 23.13
10:57:55 AM, 94.67, 158.2065, 0.8162, 102, 23.52
10:57:56 AM, 94.87, 157.2077, 0.8358, 98, 24.49
10:57:57 AM, 94.87, 157.8069, 0.8309, 98, 25.27
10:57:58 AM, 94.87, 157.6072, 0.8162, 98, 24.11
10:57:59 AM, 94.87, 157.4074, 0.8260, 98, 23.52
10:58:00 AM, 94.87, 157.6072, 0.8162, 102, 24.11
10:58:01 AM, 94.87, 157.4074, 0.8211, 102, 24.69
10:58:02 AM, 94.87, 157.4074, 0.8211, 98, 24.30
10:58:03 AM, 95.06, 158.2065, 0.8016, 98, 23.33
10:58:04 AM, 95.26, 157.8069, 0.7820, 102, 24.49
10:58:05 AM, 95.26, 158.0067, 0.7918, 102, 24.69
10:58:06 AM, 95.26, 158.0067, 0.8113, 98, 21.58
10:58:07 AM, 95.26, 158.0067, 0.7674, 98, 24.30
10:58:08 AM, 94.87, 157.8069, 0.7967, 98, 23.72
10:58:09 AM, 94.87, 157.6072, 0.8309, 102, 24.30
10:58:10 AM, 94.87, 157.4074, 0.8113, 98, 24.30
10:58:11 AM, 94.87, 157.4074, 0.8260, 98, 24.49
10:58:12 AM, 94.87, 157.2077, 0.8309, 98, 23.72
10:58:13 AM, 94.87, 157.4074, 0.8309, 102, 24.11
10:58:14 AM, 94.67, 157.4074, 0.8162, 102, 24.49
10:58:15 AM, 94.48, 159.8045, 0.8113, 98, 23.91
10:58:16 AM, 94.48, 157.2077, 0.8504, 98, 24.11
10:58:17 AM, 94.67, 157.4074, 0.8260, 102, 24.30
10:58:18 AM, 94.87, 157.6072, 0.8309, 102, 24.11
10:58:19 AM, 94.67, 159.8045, 0.8113, 98, 24.11
10:58:20 AM, 94.67, 157.0079, 0.8211, 98, 24.30
10:58:21 AM, 94.87, 157.4074, 0.8504, 102, 24.11
10:58:22 AM, 94.87, 157.4074, 0.8358, 102, 23.91
10:58:23 AM, 94.87, 157.6072, 0.8162, 98, 23.72
10:58:24 AM, 94.87, 157.6072, 0.8407, 98, 24.11
10:58:25 AM, 94.67, 157.4074, 0.8016, 98, 24.49
10:58:26 AM, 94.87, 157.4074, 0.8358, 102, 27.02
10:58:27 AM, 95.06, 157.6072, 0.8211, 102, 23.72
10:58:28 AM, 95.06, 157.8069, 0.7918, 98, 24.30
10:58:29 AM, 95.06, 157.8069, 0.7918, 98, 24.11
10:58:30 AM, 95.06, 157.0079, 0.7722, 102, 24.11
10:58:31 AM, 94.87, 157.8069, 0.8065, 98, 24.11
10:58:32 AM, 94.87, 157.4074, 0.8260, 102, 21.58
10:58:33 AM, 94.87, 157.4074, 0.8113, 102, 24.49
10:58:34 AM, 94.87, 157.8069, 0.8162, 98, 24.49
10:58:35 AM, 94.87, 157.2077, 0.8602, 98, 21.58
10:58:36 AM, 94.67, 157.4074, 0.8113, 102, 24.11
10:58:37 AM, 94.87, 157.2077, 0.8358, 98, 23.91
10:58:38 AM, 94.87, 157.2077, 0.8016, 98, 24.30
10:58:39 AM, 94.87, 157.6072, 0.8260, 98, 23.52
10:58:40 AM, 94.87, 157.4074, 0.8211, 102, 24.30
10:58:41 AM, 94.87, 157.4074, 0.8260, 102, 24.11
10:58:42 AM, 94.87, 157.2077, 0.8211, 98, 24.49
10:58:43 AM, 94.87, 157.6072, 0.8211, 98, 23.33
10:58:44 AM, 94.87, 157.4074, 0.8016, 98, 24.30
10:58:45 AM, 94.87, 157.6072, 0.8211, 98, 23.91
10:58:46 AM, 94.67, 157.4074, 0.8113, 102, 24.11
10:58:47 AM, 95.06, 157.4074, 0.8260, 102, 24.88
10:58:48 AM, 95.06, 157.8069, 0.7918, 98, 23.72
10:58:49 AM, 95.06, 157.2077, 0.7771, 98, 24.69
10:58:50 AM, 95.06, 157.4074, 0.7869, 98, 24.11
10:58:51 AM, 95.06, 158.0067, 0.8065, 98, 23.91
10:58:52 AM, 94.87, 157.8069, 0.7771, 102, 24.30
10:58:53 AM, 94.87, 157.4074, 0.8260, 102, 24.30
10:58:54 AM, 94.67, 157.4074, 0.8162, 98, 24.11
10:58:55 AM, 94.87, 157.4074, 0.8358, 98, 23.72
10:58:56 AM, 94.87, 157.4074, 0.8504, 98, 24.30
10:58:57 AM, 94.67, 157.8069, 0.8016, 102, 24.69
10:58:58 AM, 94.67, 157.6072, 0.8309, 102, 24.69
10:58:59 AM, 94.67, 157.4074, 0.8211, 98, 24.11
10:59:00 AM, 94.87, 157.4074, 0.8309, 98, 23.72
10:59:01 AM, 94.87, 157.4074, 0.8016, 102, 24.49
10:59:02 AM, 95.06, 157.6072, 0.8065, 98, 23.72
10:59:03 AM, 95.06, 157.8069, 0.7967, 98, 24.49
10:59:04 AM, 95.06, 157.6072, 0.8016, 102, 23.72
10:59:05 AM, 95.06, 157.8069, 0.8113, 102, 24.11
10:59:06 AM, 94.87, 157.8069, 0.8065, 98, 24.11
10:59:07 AM, 94.87, 157.6072, 0.8358, 98, 24.11
10:59:08 AM, 94.87, 157.4074, 0.8309, 98, 23.72
10:59:09 AM, 94.87, 157.2077, 0.8260, 102, 24.49
10:59:10 AM, 94.87, 160.2040, 0.8016, 102, 24.30
10:59:11 AM, 94.87, 157.4074, 0.8113, 102, 24.11
10:59:12 AM, 94.87, 157.4074, 0.7869, 98, 24.49
10:59:13 AM, 95.06, 157.2077, 0.8211, 98, 24.49
10:59:14 AM, 95.06, 157.8069, 0.7967, 98, 23.91
10:59:15 AM, 95.06, 157.8069, 0.7722, 98, 24.30
10:59:16 AM, 95.06, 157.8069, 0.7918, 102, 23.52
10:59:17 AM, 94.87, 157.6072, 0.7820, 98, 24.30
10:59:18 AM, 94.87, 157.4074, 0.8113, 98, 24.30
10:59:19 AM, 94.87, 157.6072, 0.8162, 98, 23.72
10:59:20 AM, 94.87, 157.4074, 0.8260, 98, 24.11
10:59:21 AM, 94.87, 157.4074, 0.8113, 102, 24.11
10:59:22 AM, 94.87, 157.4074, 0.8113, 102, 24.69
10:59:23 AM, 94.87, 157.4074, 0.8113, 98, 24.11
10:59:24 AM, 94.87, 157.4074, 0.8358, 98, 23.72
10:59:25 AM, 94.87, 157.4074, 0.8162, 102, 24.11
10:59:26 AM, 95.06, 157.6072, 0.8260, 98, 23.52
10:59:27 AM, 95.26, 157.8069, 0.8016, 98, 24.88
10:59:28 AM, 95.26, 158.0067, 0.7820, 98, 23.91
10:59:29 AM, 95.26, 158.0067, 0.7820, 102, 23.91
10:59:30 AM, 95.26, 158.0067, 0.7869, 102, 23.72
10:59:31 AM, 94.87, 157.4074, 0.8162, 98, 23.72
10:59:32 AM, 94.87, 157.4074, 0.7918, 102, 24.11
10:59:33 AM, 94.87, 157.4074, 0.8211, 102, 23.72
10:59:34 AM, 94.87, 157.8069, 0.8162, 98, 22.16
10:59:35 AM, 94.87, 157.4074, 0.8749, 98, 24.30
10:59:36 AM, 94.87, 157.6072, 0.8065, 98, 24.30
10:59:37 AM, 94.67, 157.2077, 0.8016, 102, 24.11
10:59:38 AM, 94.87, 157.4074, 0.8162, 98, 24.49
10:59:39 AM, 94.87, 157.4074, 0.8211, 98, 24.69
10:59:40 AM, 94.87, 157.4074, 0.8309, 102, 24.11
10:59:41 AM, 94.87, 157.4074, 0.8260, 102, 23.91
10:59:42 AM, 94.87, 157.8069, 0.8309, 98, 24.49
10:59:43 AM, 94.87, 157.4074, 0.8309, 98, 23.91
10:59:44 AM, 94.87, 157.4074, 0.8211, 102, 24.69
10:59:45 AM, 94.67, 157.4074, 0.8211, 102, 24.30
10:59:46 AM, 94.67, 157.0079, 0.8407, 98, 23.72
10:59:47 AM, 94.67, 157.0079, 0.8016, 102, 24.11
10:59:48 AM, 94.67, 157.4074, 0.8309, 98, 23.91
10:59:49 AM, 94.87, 157.4074, 0.8309, 98, 24.11
10:59:50 AM, 94.87, 157.0079, 0.8260, 102, 23.91
10:59:51 AM, 94.67, 157.4074, 0.8309, 98, 23.91
10:59:52 AM, 94.67, 157.4074, 0.8456, 102, 24.49
10:59:53 AM, 94.67, 157.2077, 0.8162, 98, 24.11
10:59:54 AM, 94.67, 157.4074, 0.8407, 102, 24.30
10:59:55 AM, 94.67, 156.8082, 0.8358, 102, 23.33
10:59:56 AM, 94.67, 157.2077, 0.8407, 98, 23.91
10:59:57 AM, 94.67, 157.2077, 0.8358, 102, 24.49
10:59:58 AM, 94.87, 157.4074, 0.8113, 98, 23.72
10:59:59 AM, 95.06, 157.4074, 0.8162, 98, 24.11
11:00:00 AM, 95.06, 157.0079, 0.7918, 102, 23.72
11:00:01 AM, 95.06, 157.8069, 0.7967, 98, 23.91
11:00:02 AM, 95.06, 157.8069, 0.7869, 98, 23.72
11:00:03 AM, 94.87, 157.8069, 0.7918, 102, 24.69
11:00:04 AM, 94.87, 156.8082, 0.8211, 98, 24.49
11:00:05 AM, 94.87, 157.4074, 0.8065, 98, 24.49
11:00:06 AM, 94.87, 157.0079, 0.8016, 102, 24.49
11:00:07 AM, 94.67, 157.4074, 0.8211, 98, 24.30
11:00:08 AM, 94.28, 157.4074, 0.8211, 102, 24.11
11:00:09 AM, 94.48, 156.6084, 0.8602, 102, 24.11
11:00:10 AM, 94.67, 157.2077, 0.8407, 98, 24.11
11:00:11 AM, 94.67, 157.2077, 0.8309, 98, 24.11
11:00:12 AM, 94.67, 156.6084, 0.8309, 102, 24.49
11:00:13 AM, 94.67, 157.4074, 0.8358, 98, 23.72
11:00:14 AM, 94.67, 157.2077, 0.8309, 98, 23.33
11:00:15 AM, 94.87, 157.4074, 0.8309, 102, 23.13
11:00:16 AM, 94.87, 157.4074, 0.7722, 98, 24.11
11:00:17 AM, 94.67, 157.4074, 0.8260, 98, 24.11
11:00:18 AM, 94.48, 157.0079, 0.8407, 102, 24.11
11:00:19 AM, 94.48, 157.0079, 0.8456, 98, 24.49
11:00:20 AM, 94.67, 157.0079, 0.8456, 98, 24.30
11:00:21 AM, 94.67, 157.4074, 0.8113, 102, 24.11
11:00:22 AM, 94.67, 157.4074, 0.8162, 102, 24.49
11:00:23 AM, 94.87, 157.4074, 0.8309, 98, 23.91
11:00:24 AM, 94.87, 156.2089, 0.8211, 102, 24.11
11:00:25 AM, 95.06, 157.4074, 0.7820, 98, 24.30
11:00:26 AM, 95.06, 157.8069, 0.8016, 98, 23.91
11:00:27 AM, 95.06, 157.8069, 0.7625, 98, 24.11
11:00:28 AM, 95.06, 157.8069, 0.7918, 102, 23.72
11:00:29 AM, 95.06, 157.8069, 0.7771, 98, 23.72
11:00:30 AM, 94.87, 157.4074, 0.8309, 102, 23.52
11:00:31 AM, 94.87, 157.4074, 0.8309, 102, 24.11
11:00:32 AM, 94.87, 157.6072, 0.8309, 98, 24.49
11:00:33 AM, 94.67, 157.6072, 0.8113, 98, 24.11
11:00:34 AM, 94.48, 157.4074, 0.8407, 102, 23.52
11:00:35 AM, 94.48, 157.0079, 0.8504, 102, 23.72
11:00:36 AM, 94.67, 157.0079, 0.8407, 98, 24.30
11:00:37 AM, 94.67, 157.0079, 0.8211, 102, 24.11
11:00:38 AM, 94.87, 157.2077, 0.8358, 98, 24.11
11:00:39 AM, 94.87, 157.2077, 0.7967, 98, 24.30
11:00:40 AM, 94.67, 156.6084, 0.8211, 102, 24.49
11:00:41 AM, 94.48, 157.2077, 0.8211, 98, 24.30
11:00:42 AM, 94.67, 157.0079, 0.8162, 98, 24.11
11:00:43 AM, 94.67, 157.4074, 0.8407, 102, 23.52
11:00:44 AM, 94.67, 157.0079, 0.8113, 102, 24.30
11:00:45 AM, 94.67, 156.6084, 0.8504, 98, 24.11
11:00:46 AM, 94.87, 156.6084, 0.8358, 102, 24.69
11:00:47 AM, 94.87, 157.0079, 0.8211, 98, 24.11
11:00:48 AM, 94.67, 157.4074, 0.8260, 98, 24.11
11:00:49 AM, 94.87, 157.4074, 0.8309, 102, 24.30
11:00:50 AM, 94.67, 157.4074, 0.7918, 98, 24.30
11:00:51 AM, 94.67, 157.4074, 0.8309, 98, 24.11
11:00:52 AM, 94.87, 157.4074, 0.8211, 102, 24.30
11:00:53 AM, 94.87, 157.4074, 0.8260, 98, 24.30
11:00:54 AM, 94.87, 157.4074, 0.8260, 98, 24.30
11:00:55 AM, 94.67, 158.2065, 0.8309, 102, 23.33
11:00:56 AM, 94.67, 156.6084, 0.8407, 98, 24.11
11:00:57 AM, 94.87, 157.4074, 0.8407, 98, 23.91
11:00:58 AM, 94.87, 157.8069, 0.8260, 102, 24.88
11:00:59 AM, 94.87, 157.2077, 0.8309, 102, 24.11
11:01:00 AM, 94.87, 157.6072, 0.8211, 102, 24.11
11:01:01 AM, 94.87, 157.4074, 0.7967, 98, 24.30
11:01:02 AM, 95.06, 157.2077, 0.7967, 98, 24.49
11:01:03 AM, 95.26, 157.8069, 0.7722, 102, 24.30
11:01:04 AM, 95.26, 158.0067, 0.7674, 102, 23.72
11:01:05 AM, 95.26, 157.8069, 0.7771, 98, 24.11
11:01:06 AM, 95.06, 158.0067, 0.7674, 98, 24.30
11:01:07 AM, 94.67, 157.2077, 0.8065, 102, 24.49
