Time, Heater Temp[C], Heater Voltage[V], Sense Voltage[V], Fan Speed[%], Ambient Temp[C]
12:08:59 PM, 143.66, 157.0079, 1.0753, 55, 22.94
12:09:00 PM, 143.86, 156.8082, 1.0753, 51, 22.16
12:09:01 PM, 143.86, 157.2077, 1.0508, 55, 24.11
12:09:02 PM, 143.66, 156.8082, 1.0753, 55, 23.72
12:09:03 PM, 143.86, 157.0079, 1.0704, 55, 22.94
12:09:04 PM, 143.86, 157.2077, 1.0362, 55, 22.55
12:09:05 PM, 143.86, 157.2077, 1.0411, 55, 22.36
12:09:06 PM, 143.86, 158.2065, 1.0459, 55, 22.36
12:09:07 PM, 143.86, 157.0079, 1.0117, 55, 26.05
12:09:08 PM, 143.86, 157.0079, 1.0215, 55, 23.52
12:09:09 PM, 143.86, 157.4074, 1.0459, 51, 22.74
12:09:10 PM, 143.86, 157.2077, 1.0264, 51, 23.33
12:09:11 PM, 143.86, 157.2077, 1.0362, 51, 22.74
12:09:12 PM, 143.66, 156.8082, 1.0362, 51, 21.58
12:09:13 PM, 143.66, 156.8082, 1.0655, 51, 22.36
12:09:14 PM, 143.66, 157.4074, 1.0655, 51, 22.36
12:09:15 PM, 143.66, 157.0079, 1.0411, 51, 23.13
12:09:16 PM, 143.47, 156.8082, 1.0362, 51, 22.74
12:09:17 PM, 143.27, 156.2089, 1.1241, 55, 22.55
12:09:18 PM, 143.47, 156.6084, 1.1046, 51, 22.94
12:09:19 PM, 143.66, 156.4087, 1.0850, 55, 23.13
12:09:20 PM, 143.66, 157.4074, 1.0753, 55, 22.16
12:09:21 PM, 143.27, 156.8082, 1.0704, 55, 22.74
12:09:22 PM, 142.88, 156.6084, 1.1535, 51, 21.58
12:09:23 PM, 142.88, 155.8094, 1.1046, 55, 22.74
12:09:24 PM, 143.27, 156.2089, 1.0899, 55, 23.13
12:09:25 PM, 143.47, 156.4087, 1.0997, 55, 22.94
12:09:26 PM, 143.66, 156.6084, 1.0508, 55, 23.33
12:09:27 PM, 143.66, 156.8082, 1.0704, 51, 23.52
12:09:28 PM, 143.66, 156.8082, 1.0655, 55, 22.94
12:09:29 PM, 143.66, 156.8082, 1.0606, 55, 23.13
12:09:30 PM, 143.66, 156.8082, 1.0704, 55, 23.33
12:09:31 PM, 143.66, 157.2077, 1.0753, 55, 23.13
12:09:32 PM, 143.86, 156.6084, 1.0655, 51, 22.36
12:09:33 PM, 143.66, 157.2077, 1.0459, 55, 22.94
12:09:34 PM, 143.27, 156.8082, 1.0704, 51, 22.55
12:09:35 PM, 143.08, 156.4087, 1.0948, 55, 22.55
12:09:36 PM, 143.27, 156.0091, 1.1241, 51, 22.55
12:09:37 PM, 143.47, 156.4087, 1.0948, 55, 22.94
12:09:38 PM, 143.47, 156.8082, 1.0802, 51, 22.94
12:09:39 PM, 143.47, 156.6084, 1.0850, 51, 22.55
12:09:40 PM, 143.08, 156.6084, 1.0508, 55, 21.58
12:09:41 PM, 142.88, 155.8094, 1.0997, 55, 22.94
12:09:42 PM, 143.08, 155.8094, 1.1144, 55, 23.13
12:09:43 PM, 143.27, 156.0091, 1.1193, 51, 23.13
12:09:44 PM, 143.47, 157.0079, 1.0753, 51, 22.94
12:09:45 PM, 143.66, 156.8082, 1.0508, 51, 22.74
12:09:46 PM, 143.66, 157.0079, 1.0704, 51, 22.94
12:09:47 PM, 143.66, 156.8082, 1.0655, 55, 23.33
12:09:48 PM, 143.27, 156.8082, 1.0362, 55, 23.13
12:09:49 PM, 143.27, 156.4087, 1.0899, 55, 22.94
12:09:50 PM, 143.27, 156.2089, 1.0899, 55, 22.55
12:09:51 PM, 143.47, 156.2089, 1.0899, 55, 22.55
12:09:52 PM, 143.66, 156.4087, 1.0802, 55, 22.94
12:09:53 PM, 143.66, 156.4087, 1.0704, 55, 22.94
12:09:54 PM, 142.88, 157.8069, 1.0948, 55, 22.16
12:09:55 PM, 143.08, 156.0091, 1.1241, 55, 22.55
12:09:56 PM, 143.27, 155.6096, 1.1144, 55, 22.94
12:09:57 PM, 143.47, 156.4087, 1.0850, 55, 22.94
12:09:58 PM, 143.66, 156.8082, 1.0606, 51, 23.13
12:09:59 PM, 143.66, 157.0079, 1.0508, 55, 23.52
12:10:00 PM, 143.66, 157.4074, 1.0753, 51, 22.74
12:10:01 PM, 143.08, 156.4087, 1.0704, 51, 22.94
12:10:02 PM, 143.27, 156.2089, 1.1046, 55, 23.33
12:10:03 PM, 143.47, 156.4087, 1.0753, 55, 23.13
12:10:04 PM, 143.47, 156.2089, 1.0557, 55, 23.13
12:10:05 PM, 143.47, 156.8082, 1.1144, 55, 25.66
12:10:06 PM, 143.66, 156.8082, 1.0850, 55, 23.33
12:10:07 PM, 143.66, 156.6084, 1.0802, 51, 23.13
12:10:08 PM, 143.27, 156.8082, 1.0459, 55, 23.13
12:10:09 PM, 142.88, 159.8045, 1.0948, 55, 23.33
12:10:10 PM, 142.88, 156.0091, 1.1388, 55, 23.13
12:10:11 PM, 143.08, 155.4099, 1.1339, 55, 22.74
12:10:12 PM, 143.27, 156.0091, 1.1095, 51, 22.94
12:10:13 PM, 143.47, 156.4087, 1.0997, 51, 23.13
12:10:14 PM, 143.66, 156.0091, 1.0948, 51, 23.13
12:10:15 PM, 143.66, 157.2077, 1.0508, 51, 23.33
12:10:16 PM, 143.08, 156.2089, 1.0997, 55, 23.13
12:10:17 PM, 143.27, 155.4099, 1.1095, 55, 22.94
12:10:18 PM, 143.47, 156.4087, 1.0899, 55, 23.13
12:10:19 PM, 143.66, 156.6084, 1.0802, 55, 22.16
12:10:20 PM, 143.66, 156.8082, 1.0606, 55, 23.33
12:10:21 PM, 143.66, 157.0079, 1.0704, 55, 23.33
12:10:22 PM, 143.27, 157.0079, 1.0802, 51, 23.13
12:10:23 PM, 143.47, 156.4087, 1.0899, 51, 23.33
12:10:24 PM, 143.66, 156.6084, 1.0704, 55, 23.33
12:10:25 PM, 143.66, 157.0079, 1.0459, 55, 22.94
12:10:26 PM, 143.66, 157.4074, 1.0655, 55, 22.55
12:10:27 PM, 143.27, 157.0079, 1.0362, 55, 23.33
12:10:28 PM, 142.88, 156.6084, 1.0850, 55, 23.52
12:10:29 PM, 143.08, 156.2089, 1.1046, 55, 24.49
12:10:30 PM, 143.27, 156.2089, 1.1046, 51, 23.33
12:10:31 PM, 143.66, 156.4087, 1.0753, 55, 23.52
12:10:32 PM, 143.66, 156.2089, 1.0655, 55, 23.13
12:10:33 PM, 143.66, 157.0079, 1.0606, 55, 22.74
12:10:34 PM, 143.47, 156.8082, 1.0557, 55, 22.94
12:10:35 PM, 143.47, 156.2089, 1.0753, 55, 23.52
12:10:36 PM, 143.47, 156.2089, 1.0557, 51, 23.13
12:10:37 PM, 143.47, 156.6084, 1.0557, 55, 23.33
12:10:38 PM, 143.47, 156.6084, 1.0753, 55, 25.47
12:10:39 PM, 143.66, 156.6084, 1.1241, 55, 21.58
12:10:40 PM, 143.27, 157.2077, 1.0655, 55, 23.72
12:10:41 PM, 143.27, 156.6084, 1.0850, 55, 23.52
12:10:42 PM, 143.47, 156.2089, 1.1046, 55, 22.94
12:10:43 PM, 143.47, 156.2089, 1.0899, 55, 23.13
12:10:44 PM, 143.66, 156.4087, 1.0948, 51, 22.55
12:10:45 PM, 143.27, 157.0079, 1.0704, 55, 22.55
12:10:46 PM, 142.88, 156.4087, 1.0899, 55, 22.94
12:10:47 PM, 142.88, 158.6060, 1.1339, 55, 22.94
12:10:48 PM, 143.27, 155.8094, 1.1046, 55, 23.13
12:10:49 PM, 143.47, 156.4087, 1.1535, 55, 21.58
12:10:50 PM, 143.66, 156.4087, 1.0704, 55, 22.16
12:10:51 PM, 143.66, 156.6084, 1.0753, 51, 22.36
12:10:52 PM, 143.66, 157.0079, 1.0753, 51, 22.74
12:10:53 PM, 143.47, 156.8082, 1.0850, 55, 21.97
12:10:54 PM, 143.47, 156.2089, 1.0655, 51, 22.94
12:10:55 PM, 143.66, 156.8082, 1.0802, 55, 22.94
12:10:56 PM, 143.66, 157.0079, 1.0606, 51, 25.27
12:10:57 PM, 143.27, 157.4074, 1.0655, 55, 22.55
12:10:58 PM, 142.88, 156.4087, 1.0753, 55, 23.33
12:10:59 PM, 143.08, 156.0091, 1.1144, 55, 22.36
12:11:00 PM, 143.47, 156.4087, 1.0899, 51, 22.74
12:11:01 PM, 143.47, 156.4087, 1.0802, 55, 23.13
12:11:02 PM, 143.47, 156.8082, 1.0557, 55, 22.94
12:11:03 PM, 143.47, 156.8082, 1.0802, 55, 23.13
12:11:04 PM, 143.08, 156.2089, 1.0753, 55, 23.52
12:11:05 PM, 143.27, 156.2089, 1.1144, 55, 22.94
12:11:06 PM, 143.47, 155.8094, 1.0948, 55, 23.52
12:11:07 PM, 143.47, 155.8094, 1.0753, 55, 22.55
12:11:08 PM, 143.66, 156.8082, 1.0753, 55, 22.74
12:11:09 PM, 143.47, 156.6084, 1.0704, 55, 22.74
12:11:10 PM, 143.08, 156.8082, 1.0850, 55, 22.74
12:11:11 PM, 142.88, 157.8069, 1.0850, 51, 23.13
12:11:12 PM, 142.88, 155.8094, 1.1095, 55, 26.44
12:11:13 PM, 143.08, 156.2089, 1.0997, 51, 23.33
12:11:14 PM, 143.27, 156.2089, 1.0997, 55, 23.33
12:11:15 PM, 143.66, 156.2089, 1.0850, 55, 23.13
12:11:16 PM, 143.66, 156.8082, 1.0753, 55, 22.94
12:11:17 PM, 143.86, 156.8082, 1.0655, 51, 23.13
12:11:18 PM, 143.66, 157.0079, 1.0264, 55, 23.33
12:11:19 PM, 143.66, 157.0079, 1.0655, 55, 22.36
12:11:20 PM, 143.66, 156.8082, 1.0655, 51, 23.13
12:11:21 PM, 143.66, 156.8082, 1.0557, 55, 22.94
12:11:22 PM, 143.66, 157.0079, 1.0459, 55, 29.16
12:11:23 PM, 143.47, 157.0079, 1.0753, 55, 23.33
12:11:24 PM, 143.08, 156.8082, 1.0606, 55, 23.13
12:11:25 PM, 143.27, 156.2089, 1.1241, 55, 22.55
12:11:26 PM, 143.27, 156.4087, 1.0802, 55, 22.94
12:11:27 PM, 143.27, 156.4087, 1.0997, 55, 22.94
12:11:28 PM, 143.27, 156.4087, 1.0850, 55, 23.33
12:11:29 PM, 142.88, 156.6084, 1.0850, 51, 22.94
12:11:30 PM, 143.08, 156.2089, 1.1241, 55, 22.74
12:11:31 PM, 143.27, 156.2089, 1.0899, 55, 23.33
12:11:32 PM, 143.47, 156.2089, 1.0850, 55, 22.94
12:11:33 PM, 143.47, 159.8045, 1.0850, 55, 22.94
12:11:34 PM, 143.27, 156.4087, 1.0508, 55, 22.55
12:11:35 PM, 143.08, 156.4087, 1.0948, 51, 23.13
12:11:36 PM, 143.27, 155.6096, 1.0899, 55, 23.13
12:11:37 PM, 143.47, 156.4087, 1.0850, 51, 23.33
12:11:38 PM, 143.66, 156.2089, 1.0850, 55, 22.74
12:11:39 PM, 143.66, 156.4087, 1.0753, 55, 22.16
12:11:40 PM, 143.27, 156.6084, 1.0606, 55, 23.13
12:11:41 PM, 143.27, 156.2089, 1.0948, 51, 23.13
12:11:42 PM, 143.47, 156.2089, 1.0948, 55, 22.94
12:11:43 PM, 143.47, 156.4087, 1.0899, 55, 22.94
12:11:44 PM, 143.47, 156.4087, 1.0704, 51, 22.74
12:11:45 PM, 143.66, 156.4087, 1.0606, 55, 22.94
12:11:46 PM, 143.66, 156.4087, 1.0655, 55, 23.13
12:11:47 PM, 143.47, 156.8082, 1.0411, 55, 24.88
12:11:48 PM, 143.47, 156.4087, 1.0753, 51, 22.74
12:11:49 PM, 143.47, 156.4087, 1.0459, 51, 23.33
12:11:50 PM, 143.47, 156.4087, 1.0802, 55, 23.33
12:11:51 PM, 143.47, 156.4087, 1.0362, 55, 25.47
12:11:52 PM, 143.66, 156.6084, 1.0850, 55, 23.33
12:11:53 PM, 143.66, 156.4087, 1.0850, 51, 22.74
12:11:54 PM, 143.27, 157.0079, 1.0557, 55, 23.33
12:11:55 PM, 143.27, 156.2089, 1.1046, 55, 23.13
12:11:56 PM, 143.47, 156.4087, 1.0997, 55, 22.94
12:11:57 PM, 143.47, 156.4087, 1.0850, 55, 23.13
12:11:58 PM, 143.47, 156.0091, 1.0557, 55, 23.33
12:11:59 PM, 143.66, 156.8082, 1.0655, 55, 22.94
12:12:00 PM, 143.66, 156.6084, 1.0362, 55, 22.74
12:12:01 PM, 143.47, 156.8082, 1.0655, 55, 23.52
12:12:02 PM, 143.47, 156.4087, 1.0557, 55, 23.13
12:12:03 PM, 143.47, 156.4087, 1.0753, 55, 22.16
12:12:04 PM, 143.47, 156.4087, 1.0850, 55, 22.36
12:12:05 PM, 143.47, 156.2089, 1.0850, 51, 23.33
12:12:06 PM, 143.66, 156.6084, 1.0850, 55, 23.52
12:12:07 PM, 143.47, 157.0079, 1.0753, 51, 23.72
12:12:08 PM, 143.27, 156.2089, 1.0850, 55, 22.74
12:12:09 PM, 143.27, 156.2089, 1.0948, 55, 22.55
12:12:10 PM, 143.47, 156.4087, 1.0948, 55, 22.94
12:12:11 PM, 143.47, 156.2089, 1.0704, 51, 22.74
12:12:12 PM, 143.47, 156.4087, 1.0753, 55, 22.94
12:12:13 PM, 143.47, 156.6084, 1.0753, 55, 22.94
12:12:14 PM, 143.47, 156.2089, 1.0753, 51, 22.94
12:12:15 PM, 143.27, 156.6084, 1.0753, 55, 22.94
12:12:16 PM, 142.88, 156.4087, 1.0753, 55, 23.13
12:12:17 PM, 142.88, 155.8094, 1.1193, 55, 23.13
12:12:18 PM, 143.08, 156.2089, 1.0997, 55, 23.13
12:12:19 PM, 143.27, 156.0091, 1.1241, 55, 22.74
12:12:20 PM, 143.47, 156.2089, 1.0997, 55, 23.33
12:12:21 PM, 143.66, 156.4087, 1.0753, 55, 23.33
12:12:22 PM, 143.27, 156.8082, 1.0655, 51, 22.36
12:12:23 PM, 143.08, 156.4087, 1.0704, 55, 22.94
12:12:24 PM, 143.27, 155.4099, 1.1241, 55, 22.94
12:12:25 PM, 143.47, 156.2089, 1.0850, 55, 22.74
12:12:26 PM, 143.66, 156.6084, 1.0850, 55, 23.13
12:12:27 PM, 143.66, 156.4087, 1.0704, 55, 22.55
12:12:28 PM, 143.47, 156.6084, 1.0655, 51, 22.94
12:12:29 PM, 143.27, 156.0091, 1.1144, 55, 22.94
12:12:30 PM, 143.47, 156.4087, 1.0704, 55, 22.74
12:12:31 PM, 143.47, 156.6084, 1.0704, 55, 23.13
12:12:32 PM, 143.66, 156.6084, 1.0606, 55, 23.33
12:12:33 PM, 143.66, 156.8082, 1.0459, 51, 23.13
12:12:34 PM, 143.66, 157.0079, 1.0459, 55, 23.13
12:12:35 PM, 143.66, 156.4087, 1.0753, 55, 23.13
12:12:36 PM, 142.88, 156.4087, 1.1095, 55, 23.33
12:12:37 PM, 143.08, 156.0091, 1.1241, 55, 23.13
12:12:38 PM, 143.27, 156.0091, 1.0997, 55, 22.74
12:12:39 PM, 143.47, 156.4087, 1.0655, 55, 22.94
12:12:40 PM, 143.66, 156.4087, 1.0850, 55, 23.13
12:12:41 PM, 143.86, 158.6060, 1.0753, 55, 22.94
12:12:42 PM, 143.47, 157.0079, 1.0459, 55, 22.55
12:12:43 PM, 143.47, 156.4087, 1.0899, 55, 22.94
12:12:44 PM, 143.47, 156.4087, 1.0508, 51, 22.74
12:12:45 PM, 143.47, 156.4087, 1.0850, 55, 22.94
12:12:46 PM, 143.47, 156.4087, 1.0802, 55, 23.33
12:12:47 PM, 143.47, 159.4050, 1.0753, 55, 23.33
12:12:48 PM, 143.27, 156.4087, 1.0802, 51, 22.94
12:12:49 PM, 143.47, 156.4087, 1.0850, 55, 22.74
12:12:50 PM, 143.47, 156.4087, 1.0753, 55, 23.13
12:12:51 PM, 143.47, 159.6047, 1.0802, 55, 25.47
12:12:52 PM, 143.66, 156.0091, 1.0850, 55, 23.33
12:12:53 PM, 143.66, 156.6084, 1.0753, 51, 22.94
12:12:54 PM, 143.66, 156.4087, 1.0753, 55, 23.13
12:12:55 PM, 143.47, 156.8082, 1.0606, 55, 23.33
12:12:56 PM, 143.47, 156.4087, 1.0850, 55, 22.36
12:12:57 PM, 143.66, 156.4087, 1.0850, 55, 22.36
12:12:58 PM, 143.66, 156.6084, 1.0753, 55, 22.74
12:12:59 PM, 143.08, 156.4087, 1.0655, 51, 24.11
12:13:00 PM, 142.88, 155.8094, 1.1095, 51, 23.33
12:13:01 PM, 143.08, 155.8094, 1.1193, 51, 22.94
12:13:02 PM, 143.27, 156.2089, 1.0899, 51, 23.33
12:13:03 PM, 143.27, 156.4087, 1.0850, 51, 23.72
12:13:04 PM, 143.47, 156.0091, 1.0753, 55, 22.55
12:13:05 PM, 143.66, 156.2089, 1.0606, 55, 23.52
12:13:06 PM, 143.27, 156.6084, 1.0753, 55, 23.13
12:13:07 PM, 143.27, 156.2089, 1.0997, 55, 22.94
12:13:08 PM, 143.47, 156.4087, 1.0948, 55, 22.94
12:13:09 PM, 143.66, 156.4087, 1.0802, 51, 23.13
12:13:10 PM, 143.66, 156.6084, 1.0508, 55, 22.94
12:13:11 PM, 143.86, 156.4087, 1.0655, 55, 23.13
12:13:12 PM, 143.66, 157.4074, 1.0313, 51, 22.94
12:13:13 PM, 143.47, 156.2089, 1.1046, 55, 23.13
12:13:14 PM, 143.47, 156.4087, 1.0704, 55, 22.36
12:13:15 PM, 143.66, 156.4087, 1.0557, 55, 22.94
12:13:16 PM, 143.66, 156.8082, 1.0606, 55, 23.33
12:13:17 PM, 143.27, 156.4087, 1.0557, 55, 23.13
12:13:18 PM, 142.88, 156.6084, 1.0899, 55, 23.72
12:13:19 PM, 143.08, 156.0091, 1.1241, 55, 22.74
12:13:20 PM, 143.27, 155.8094, 1.1193, 55, 23.52
12:13:21 PM, 143.66, 156.4087, 1.0850, 55, 22.94
12:13:22 PM, 143.66, 156.0091, 1.0655, 55, 23.13
12:13:23 PM, 143.66, 157.0079, 1.0411, 55, 23.33
12:13:24 PM, 143.27, 156.8082, 1.0557, 51, 23.33
12:13:25 PM, 143.27, 155.8094, 1.0948, 55, 22.55
12:13:26 PM, 143.47, 156.2089, 1.0948, 55, 23.13
12:13:27 PM, 143.47, 156.4087, 1.0899, 55, 23.13
12:13:28 PM, 143.47, 156.6084, 1.0899, 55, 23.13
12:13:29 PM, 143.47, 156.4087, 1.0899, 51, 22.94
12:13:30 PM, 143.08, 156.0091, 1.0899, 55, 23.13
12:13:31 PM, 143.27, 155.6096, 1.1241, 51, 23.33
12:13:32 PM, 143.47, 156.4087, 1.0948, 55, 23.52
12:13:33 PM, 143.66, 156.4087, 1.0802, 51, 23.33
12:13:34 PM, 143.66, 156.6084, 1.0508, 51, 23.13
12:13:35 PM, 143.66, 156.2089, 1.0655, 51, 22.94
12:13:36 PM, 143.27, 156.2089, 1.0704, 51, 22.55
12:13:37 PM, 143.47, 156.0091, 1.0899, 55, 33.63
12:13:38 PM, 143.47, 156.6084, 1.0557, 55, 23.33
12:13:39 PM, 143.66, 156.2089, 1.0899, 55, 22.74
12:13:40 PM, 143.66, 156.6084, 1.0850, 55, 22.94
12:13:41 PM, 143.66, 156.8082, 1.0850, 55, 22.55
12:13:42 PM, 143.27, 156.8082, 1.0899, 51, 21.58
12:13:43 PM, 143.47, 156.4087, 1.0557, 51, 22.94
12:13:44 PM, 143.47, 156.4087, 1.0802, 55, 22.55
12:13:45 PM, 143.47, 156.4087, 1.0753, 55, 22.16
12:13:46 PM, 143.47, 156.6084, 1.0753, 55, 23.33
12:13:47 PM, 143.08, 156.4087, 1.0850, 51, 22.94
12:13:48 PM, 142.88, 156.0091, 1.0948, 55, 22.74
12:13:49 PM, 143.08, 155.8094, 1.1290, 51, 23.13
12:13:50 PM, 143.27, 156.0091, 1.1144, 55, 22.94
12:13:51 PM, 143.27, 156.2089, 1.0948, 55, 22.94
12:13:52 PM, 143.27, 156.4087, 1.0704, 55, 22.94
12:13:53 PM, 143.27, 156.4087, 1.0997, 51, 22.94
12:13:54 PM, 142.88, 156.4087, 1.0948, 51, 23.13
12:13:55 PM, 143.08, 156.2089, 1.1339, 51, 23.13
12:13:56 PM, 143.08, 156.0091, 1.1095, 51, 22.36
12:13:57 PM, 143.27, 156.0091, 1.1046, 51, 23.33
12:13:58 PM, 143.47, 156.6084, 1.0753, 55, 22.74
12:13:59 PM, 143.47, 156.4087, 1.0753, 55, 22.94
12:14:00 PM, 143.47, 156.4087, 1.0753, 55, 22.16
12:14:01 PM, 143.27, 156.6084, 1.0606, 55, 23.33
12:14:02 PM, 143.27, 156.4087, 1.0948, 55, 22.36
12:14:03 PM, 143.47, 156.4087, 1.0753, 55, 22.94
12:14:04 PM, 143.47, 156.4087, 1.0899, 55, 23.33
12:14:05 PM, 143.47, 156.4087, 1.0948, 55, 22.74
12:14:06 PM, 143.47, 156.6084, 1.0655, 51, 23.33
12:14:07 PM, 143.47, 156.4087, 1.0850, 55, 22.74
12:14:08 PM, 143.08, 156.4087, 1.0899, 55, 22.94
12:14:09 PM, 142.88, 156.0091, 1.1290, 51, 23.33
12:14:10 PM, 142.88, 156.0091, 1.1388, 55, 23.33
12:14:11 PM, 142.88, 155.8094, 1.1339, 55, 22.74
12:14:12 PM, 142.88, 156.2089, 1.1193, 55, 22.94
12:14:13 PM, 143.08, 155.8094, 1.1046, 55, 22.55
12:14:14 PM, 143.08, 156.0091, 1.1193, 55, 22.55
12:14:15 PM, 143.08, 156.0091, 1.1046, 55, 23.33
12:14:16 PM, 143.27, 156.0091, 1.1241, 51, 22.55
12:14:17 PM, 143.47, 156.0091, 1.0899, 51, 23.13
12:14:18 PM, 143.47, 156.4087, 1.0655, 55, 22.74
12:14:19 PM, 143.66, 156.6084, 1.0508, 55, 23.33
12:14:20 PM, 143.66, 156.2089, 1.0459, 55, 23.13
12:14:21 PM, 143.47, 156.6084, 1.0411, 51, 23.13
12:14:22 PM, 143.47, 156.6084, 1.0508, 55, 22.55
12:14:23 PM, 143.47, 156.6084, 1.0753, 51, 23.33
12:14:24 PM, 143.66, 156.4087, 1.0704, 55, 22.94
12:14:25 PM, 143.66, 156.0091, 1.0655, 55, 22.74
12:14:26 PM, 143.27, 156.8082, 1.0606, 55, 22.94
12:14:27 PM, 143.27, 156.2089, 1.1241, 55, 22.94
12:14:28 PM, 143.47, 156.2089, 1.1046, 55, 22.55
12:14:29 PM, 143.66, 156.4087, 1.0850, 51, 22.94
12:14:30 PM, 143.66, 156.4087, 1.0704, 55, 22.94
12:14:31 PM, 143.66, 156.6084, 1.0606, 55, 22.74
12:14:32 PM, 143.66, 156.6084, 1.0362, 51, 23.13
