Time, Heater Temp[C], Heater Voltage[V], Sense Voltage[V], Fan Speed[%], Ambient Temp[C]
11:30:27 AM, 118.97, 157.8069, 0.9433, 74, 24.30
11:30:28 AM, 119.17, 157.8069, 0.9384, 74, 23.13
11:30:29 AM, 119.36, 157.6072, 0.9580, 74, 23.72
11:30:30 AM, 119.36, 157.8069, 0.9042, 74, 24.11
11:30:31 AM, 119.36, 157.4074, 0.9335, 74, 24.11
11:30:32 AM, 119.17, 158.0067, 0.9042, 74, 24.30
11:30:33 AM, 118.97, 157.8069, 0.9335, 74, 24.11
11:30:34 AM, 119.36, 157.8069, 0.9580, 74, 24.11
11:30:35 AM, 119.36, 157.4074, 0.9286, 78, 23.33
11:30:36 AM, 119.17, 158.0067, 0.9286, 74, 24.11
11:30:37 AM, 118.78, 157.8069, 0.9238, 74, 23.91
11:30:38 AM, 118.97, 157.0079, 0.9873, 74, 23.72
11:30:39 AM, 118.97, 157.4074, 0.9531, 74, 23.91
11:30:40 AM, 119.17, 158.2065, 0.9726, 74, 24.11
11:30:41 AM, 119.17, 157.8069, 0.9677, 74, 23.72
11:30:42 AM, 118.97, 157.6072, 0.9677, 74, 23.72
11:30:43 AM, 118.78, 157.4074, 0.9726, 74, 23.13
11:30:44 AM, 118.78, 157.2077, 1.0753, 74, 24.11
11:30:45 AM, 118.97, 157.2077, 0.9971, 74, 24.11
11:30:46 AM, 119.17, 157.4074, 0.9629, 74, 23.33
11:30:47 AM, 119.17, 157.6072, 0.9482, 74, 24.30
11:30:48 AM, 119.17, 157.8069, 0.9433, 78, 24.49
11:30:49 AM, 118.97, 157.2077, 0.9971, 74, 24.30
11:30:50 AM, 118.97, 157.4074, 0.9580, 74, 23.91
11:30:51 AM, 119.17, 157.4074, 0.9531, 74, 23.72
11:30:52 AM, 119.17, 157.8069, 0.9384, 78, 23.91
11:30:53 AM, 119.36, 157.8069, 0.9286, 74, 24.30
11:30:54 AM, 119.17, 159.0055, 0.9286, 74, 23.91
11:30:55 AM, 119.17, 157.6072, 0.9433, 74, 24.11
11:30:56 AM, 119.17, 157.8069, 0.9384, 74, 23.91
11:30:57 AM, 119.36, 157.4074, 0.9482, 74, 25.47
11:30:58 AM, 119.17, 157.2077, 0.9335, 74, 23.13
11:30:59 AM, 118.97, 157.4074, 0.9580, 74, 24.11
11:31:00 AM, 118.78, 156.8082, 0.9775, 74, 24.11
11:31:01 AM, 118.97, 156.4087, 1.0020, 74, 23.91
11:31:02 AM, 118.97, 157.4074, 0.9726, 74, 23.91
11:31:03 AM, 119.17, 157.4074, 0.9384, 74, 23.91
11:31:04 AM, 119.17, 157.6072, 0.9677, 74, 24.11
11:31:05 AM, 118.97, 157.6072, 0.9482, 74, 23.33
11:31:06 AM, 118.97, 157.6072, 0.9629, 74, 23.91
11:31:07 AM, 118.97, 157.2077, 0.9677, 74, 24.30
11:31:08 AM, 119.17, 157.4074, 0.9482, 78, 24.30
11:31:09 AM, 119.17, 157.4074, 0.9433, 74, 23.91
11:31:10 AM, 118.78, 157.2077, 0.9286, 74, 24.11
11:31:11 AM, 118.58, 157.0079, 1.0948, 74, 24.11
11:31:12 AM, 118.78, 157.0079, 0.9971, 74, 23.91
11:31:13 AM, 118.97, 157.2077, 0.9873, 74, 23.52
11:31:14 AM, 118.97, 157.4074, 0.9531, 78, 24.49
11:31:15 AM, 119.17, 157.4074, 0.9677, 74, 24.49
11:31:16 AM, 119.17, 157.4074, 0.9335, 74, 24.11
11:31:17 AM, 118.97, 159.8045, 0.9482, 78, 24.11
11:31:18 AM, 118.78, 157.4074, 0.9677, 74, 23.33
11:31:19 AM, 118.97, 157.0079, 0.9824, 74, 24.30
11:31:20 AM, 118.97, 157.4074, 0.9531, 74, 24.11
11:31:21 AM, 119.17, 157.2077, 0.9677, 74, 23.52
11:31:22 AM, 119.17, 157.6072, 0.9384, 74, 24.88
11:31:23 AM, 119.17, 157.6072, 0.9677, 74, 24.11
11:31:24 AM, 118.97, 157.8069, 0.9384, 78, 24.30
11:31:25 AM, 118.78, 157.6072, 0.9677, 74, 23.52
11:31:26 AM, 118.97, 157.4074, 0.9580, 78, 24.30
11:31:27 AM, 119.17, 157.2077, 0.9677, 74, 24.11
11:31:28 AM, 119.17, 157.8069, 0.9580, 74, 24.88
11:31:29 AM, 118.97, 157.6072, 0.9677, 74, 24.11
11:31:30 AM, 118.78, 157.4074, 0.9726, 74, 24.11
11:31:31 AM, 118.97, 157.0079, 0.9971, 74, 24.11
11:31:32 AM, 118.97, 157.4074, 0.9629, 78, 23.72
11:31:33 AM, 119.17, 156.8082, 0.9775, 74, 23.91
11:31:34 AM, 119.17, 157.6072, 0.9482, 78, 24.11
11:31:35 AM, 119.17, 157.6072, 0.9482, 74, 24.30
11:31:36 AM, 118.97, 157.2077, 0.9531, 74, 23.91
11:31:37 AM, 118.97, 157.4074, 0.9531, 74, 23.13
11:31:38 AM, 119.17, 157.4074, 0.9580, 74, 31.49
11:31:39 AM, 119.17, 157.4074, 0.9580, 74, 24.11
11:31:40 AM, 119.17, 157.4074, 0.9580, 74, 23.33
11:31:41 AM, 119.17, 157.8069, 0.9482, 74, 23.91
11:31:42 AM, 119.17, 157.6072, 0.9580, 74, 23.13
11:31:43 AM, 119.17, 157.8069, 0.9384, 74, 25.08
11:31:44 AM, 118.78, 157.8069, 0.9580, 74, 23.91
11:31:45 AM, 118.58, 157.2077, 0.9922, 74, 24.11
11:31:46 AM, 118.58, 157.0079, 1.0068, 74, 23.33
11:31:47 AM, 118.78, 157.0079, 0.9824, 74, 24.11
11:31:48 AM, 118.97, 156.8082, 0.9433, 74, 23.91
11:31:49 AM, 119.17, 157.6072, 0.9482, 74, 23.91
11:31:50 AM, 119.17, 157.4074, 0.9433, 74, 24.11
11:31:51 AM, 118.97, 157.6072, 0.9335, 74, 24.11
11:31:52 AM, 118.78, 157.4074, 0.9775, 74, 23.13
11:31:53 AM, 118.97, 157.0079, 0.9971, 74, 24.88
11:31:54 AM, 119.17, 157.6072, 0.9286, 74, 23.52
11:31:55 AM, 119.17, 157.6072, 0.9482, 74, 24.11
11:31:56 AM, 118.97, 157.6072, 0.9531, 74, 22.94
11:31:57 AM, 118.97, 157.4074, 0.9677, 74, 23.33
11:31:58 AM, 118.97, 157.4074, 0.9580, 74, 23.33
11:31:59 AM, 119.17, 157.0079, 0.9531, 78, 23.91
11:32:00 AM, 119.17, 157.6072, 0.9677, 74, 23.91
11:32:01 AM, 118.97, 157.8069, 0.9677, 74, 23.72
11:32:02 AM, 118.58, 157.2077, 0.9775, 74, 22.94
11:32:03 AM, 118.78, 157.0079, 1.0899, 74, 24.11
11:32:04 AM, 118.78, 157.0079, 0.9824, 74, 24.49
11:32:05 AM, 118.78, 157.2077, 0.9677, 74, 24.30
11:32:06 AM, 118.58, 157.2077, 0.9922, 74, 23.72
11:32:07 AM, 118.39, 157.0079, 1.0655, 74, 21.58
11:32:08 AM, 118.39, 157.0079, 0.9922, 74, 24.69
11:32:09 AM, 118.58, 156.8082, 1.0068, 74, 24.11
11:32:10 AM, 118.78, 157.0079, 0.9971, 74, 24.11
11:32:11 AM, 118.97, 157.0079, 0.9971, 74, 23.91
11:32:12 AM, 119.17, 157.4074, 0.9433, 74, 24.30
11:32:13 AM, 118.97, 157.6072, 0.9531, 74, 23.33
11:32:14 AM, 118.97, 157.8069, 0.9677, 74, 23.72
11:32:15 AM, 118.97, 157.4074, 0.9677, 74, 24.11
11:32:16 AM, 118.97, 157.4074, 0.9677, 74, 23.91
11:32:17 AM, 118.97, 157.4074, 0.9580, 78, 24.11
11:32:18 AM, 118.78, 157.8069, 0.9238, 74, 24.11
11:32:19 AM, 118.58, 157.4074, 0.9971, 78, 23.33
11:32:20 AM, 118.39, 156.8082, 1.0117, 74, 23.33
11:32:21 AM, 118.58, 156.8082, 1.0117, 74, 24.49
11:32:22 AM, 118.58, 156.8082, 1.0117, 74, 24.49
11:32:23 AM, 118.78, 157.0079, 0.9824, 74, 24.11
11:32:24 AM, 118.78, 156.8082, 0.9824, 74, 22.55
11:32:25 AM, 118.58, 157.0079, 0.9922, 74, 23.52
11:32:26 AM, 118.78, 157.0079, 0.9922, 74, 23.33
11:32:27 AM, 118.97, 157.0079, 0.9971, 74, 24.11
11:32:28 AM, 119.17, 157.4074, 0.9726, 74, 24.11
11:32:29 AM, 119.17, 157.0079, 0.9629, 78, 23.91
11:32:30 AM, 118.97, 157.6072, 0.9580, 74, 23.72
11:32:31 AM, 118.97, 157.4074, 0.9531, 74, 24.30
11:32:32 AM, 118.97, 157.8069, 0.9677, 74, 24.88
11:32:33 AM, 119.17, 157.4074, 0.9189, 74, 21.58
11:32:34 AM, 118.78, 157.0079, 0.9531, 74, 23.52
11:32:35 AM, 118.58, 157.2077, 0.9873, 74, 24.11
11:32:36 AM, 118.58, 157.0079, 0.9629, 74, 23.72
11:32:37 AM, 118.78, 157.0079, 1.0068, 74, 24.88
11:32:38 AM, 118.78, 157.2077, 0.9873, 74, 24.11
11:32:39 AM, 118.97, 157.0079, 0.9971, 74, 24.49
11:32:40 AM, 119.17, 157.6072, 0.9531, 74, 22.16
11:32:41 AM, 118.97, 157.8069, 0.9335, 74, 24.30
11:32:42 AM, 118.97, 157.4074, 0.9677, 74, 24.11
11:32:43 AM, 118.78, 157.4074, 0.9677, 74, 23.72
11:32:44 AM, 118.97, 157.2077, 0.9580, 74, 23.91
11:32:45 AM, 118.97, 157.4074, 0.9677, 74, 23.91
11:32:46 AM, 119.17, 157.4074, 0.9482, 74, 23.13
11:32:47 AM, 119.17, 157.6072, 0.9726, 74, 24.11
11:32:48 AM, 118.97, 157.6072, 0.9677, 74, 23.33
11:32:49 AM, 118.97, 157.4074, 1.0655, 74, 24.11
11:32:50 AM, 118.97, 157.4074, 0.9726, 74, 23.33
11:32:51 AM, 118.97, 157.4074, 0.9677, 74, 23.91
11:32:52 AM, 118.97, 157.4074, 0.9677, 78, 23.91
11:32:53 AM, 119.17, 157.4074, 1.0362, 74, 21.58
11:32:54 AM, 119.17, 157.4074, 0.9531, 74, 23.52
11:32:55 AM, 118.97, 157.4074, 0.9433, 74, 23.72
11:32:56 AM, 118.97, 157.4074, 0.9580, 74, 23.72
11:32:57 AM, 118.97, 157.4074, 0.9580, 74, 24.88
11:32:58 AM, 118.97, 155.6096, 0.9580, 74, 23.72
11:32:59 AM, 118.97, 157.4074, 0.9629, 74, 23.72
11:33:00 AM, 119.17, 157.4074, 0.9629, 74, 23.52
11:33:01 AM, 119.17, 157.4074, 0.9580, 74, 23.72
11:33:02 AM, 118.78, 157.0079, 0.9677, 74, 24.30
11:33:03 AM, 118.97, 157.0079, 0.9824, 74, 24.69
11:33:04 AM, 119.17, 157.4074, 1.0166, 74, 21.58
11:33:05 AM, 118.97, 157.6072, 0.9482, 74, 23.91
11:33:06 AM, 118.78, 157.4074, 0.9629, 74, 23.91
11:33:07 AM, 118.58, 157.0079, 0.9922, 74, 23.72
11:33:08 AM, 118.78, 156.4087, 0.9971, 74, 24.11
11:33:09 AM, 118.97, 157.4074, 0.9726, 78, 23.91
11:33:10 AM, 118.97, 157.4074, 0.9726, 74, 24.11
11:33:11 AM, 119.17, 157.4074, 0.9677, 74, 23.13
11:33:12 AM, 119.17, 157.6072, 0.9580, 74, 24.11
11:33:13 AM, 118.97, 157.6072, 0.9580, 74, 24.88
11:33:14 AM, 118.97, 157.4074, 0.9677, 74, 22.55
11:33:15 AM, 118.97, 157.4074, 0.9629, 74, 23.72
11:33:16 AM, 119.17, 157.4074, 0.9482, 74, 22.94
11:33:17 AM, 118.97, 157.8069, 0.9238, 74, 24.30
11:33:18 AM, 118.78, 157.2077, 0.9629, 74, 23.72
11:33:19 AM, 118.78, 157.0079, 0.9775, 74, 24.49
11:33:20 AM, 118.97, 157.0079, 0.9824, 74, 24.11
11:33:21 AM, 119.17, 157.6072, 0.9775, 74, 24.11
11:33:22 AM, 118.97, 157.4074, 0.9531, 74, 23.52
11:33:23 AM, 118.78, 157.4074, 0.9384, 74, 23.91
11:33:24 AM, 118.58, 157.0079, 1.0117, 78, 24.11
11:33:25 AM, 118.78, 156.8082, 0.9726, 74, 23.13
11:33:26 AM, 118.97, 157.0079, 0.9922, 74, 24.11
11:33:27 AM, 119.17, 157.4074, 0.9677, 74, 23.52
11:33:28 AM, 118.97, 157.4074, 0.9531, 74, 23.91
11:33:29 AM, 118.58, 157.4074, 0.9677, 74, 24.11
11:33:30 AM, 118.58, 157.0079, 0.9775, 74, 23.91
11:33:31 AM, 118.78, 157.0079, 0.9775, 74, 24.11
11:33:32 AM, 118.78, 157.0079, 0.9677, 74, 23.91
11:33:33 AM, 118.58, 157.0079, 0.9629, 74, 23.91
11:33:34 AM, 118.39, 157.0079, 0.9922, 74, 24.30
11:33:35 AM, 118.20, 156.8082, 1.0020, 74, 24.11
11:33:36 AM, 118.39, 156.4087, 1.0264, 74, 26.63
11:33:37 AM, 118.58, 157.4074, 0.9922, 74, 23.52
11:33:38 AM, 118.58, 156.4087, 1.0068, 74, 23.52
11:33:39 AM, 118.58, 157.0079, 0.9922, 74, 24.11
11:33:40 AM, 118.39, 156.8082, 0.9873, 74, 23.72
11:33:41 AM, 118.78, 156.8082, 0.9873, 74, 24.11
11:33:42 AM, 118.58, 157.0079, 0.9824, 74, 24.11
11:33:43 AM, 118.78, 156.8082, 0.9873, 74, 24.49
11:33:44 AM, 118.78, 157.0079, 0.9873, 74, 23.13
11:33:45 AM, 118.78, 157.2077, 0.9971, 74, 23.72
11:33:46 AM, 118.58, 156.2089, 0.9824, 74, 24.11
11:33:47 AM, 118.58, 157.0079, 1.0020, 74, 24.30
11:33:48 AM, 118.78, 156.6084, 1.0117, 74, 24.11
11:33:49 AM, 118.97, 157.0079, 0.9922, 74, 24.49
11:33:50 AM, 119.17, 157.4074, 0.9335, 74, 23.91
11:33:51 AM, 118.97, 157.4074, 0.9726, 78, 24.49
11:33:52 AM, 118.78, 157.4074, 0.9531, 74, 23.91
11:33:53 AM, 118.58, 157.0079, 0.9824, 74, 23.72
11:33:54 AM, 118.97, 157.0079, 0.9873, 74, 23.91
11:33:55 AM, 119.17, 156.6084, 0.9629, 74, 24.11
11:33:56 AM, 119.17, 157.4074, 0.9433, 74, 24.49
11:33:57 AM, 118.97, 156.2089, 0.9238, 74, 24.30
11:33:58 AM, 118.97, 157.2077, 1.0166, 74, 21.58
11:33:59 AM, 118.97, 157.4074, 0.9629, 74, 23.72
11:34:00 AM, 118.97, 157.2077, 0.9482, 74, 24.11
11:34:01 AM, 119.17, 157.4074, 0.9677, 74, 24.30
11:34:02 AM, 119.17, 157.6072, 0.9629, 74, 24.11
11:34:03 AM, 118.97, 157.6072, 0.9482, 74, 23.91
11:34:04 AM, 118.97, 157.4074, 0.9580, 74, 23.52
11:34:05 AM, 118.97, 157.4074, 0.9726, 74, 24.11
11:34:06 AM, 119.17, 157.6072, 0.9531, 74, 24.11
11:34:07 AM, 119.17, 157.4074, 0.9335, 74, 24.11
11:34:08 AM, 119.17, 157.4074, 0.9531, 74, 23.72
11:34:09 AM, 118.97, 157.4074, 0.9384, 74, 24.30
11:34:10 AM, 118.97, 158.2065, 0.9677, 74, 23.13
11:34:11 AM, 118.97, 157.4074, 0.9677, 74, 23.72
11:34:12 AM, 119.17, 157.4074, 0.9580, 74, 24.11
11:34:13 AM, 119.17, 157.4074, 0.9238, 74, 23.91
11:34:14 AM, 118.78, 157.4074, 0.9238, 74, 27.41
11:34:15 AM, 118.39, 157.0079, 0.9873, 74, 23.72
11:34:16 AM, 118.58, 156.2089, 1.0215, 74, 24.11
11:34:17 AM, 118.78, 156.6084, 1.0068, 74, 24.11
11:34:18 AM, 118.58, 157.0079, 0.9971, 78, 23.13
11:34:19 AM, 118.58, 156.6084, 1.0068, 74, 23.52
11:34:20 AM, 118.78, 158.2065, 0.9971, 74, 23.52
11:34:21 AM, 118.97, 157.0079, 0.9677, 74, 24.30
11:34:22 AM, 119.17, 157.0079, 0.9775, 74, 23.91
11:34:23 AM, 118.97, 157.8069, 0.9433, 74, 24.11
11:34:24 AM, 118.58, 157.4074, 0.9726, 74, 23.72
11:34:25 AM, 118.78, 156.6084, 0.9971, 74, 24.30
11:34:26 AM, 118.78, 157.0079, 0.9873, 74, 24.11
11:34:27 AM, 118.78, 157.0079, 0.9824, 74, 24.11
11:34:28 AM, 118.58, 156.2089, 0.9677, 74, 24.11
11:34:29 AM, 118.39, 156.4087, 0.9971, 74, 23.13
11:34:30 AM, 118.58, 156.6084, 1.0068, 78, 23.72
11:34:31 AM, 118.97, 157.0079, 0.9971, 74, 23.72
11:34:32 AM, 119.17, 157.0079, 0.9433, 74, 24.11
11:34:33 AM, 119.17, 157.4074, 0.9482, 74, 23.13
11:34:34 AM, 119.36, 157.4074, 0.9531, 78, 23.72
11:34:35 AM, 119.17, 157.8069, 0.9091, 74, 23.91
11:34:36 AM, 118.97, 157.6072, 1.0166, 74, 21.58
11:34:37 AM, 118.97, 157.4074, 0.9677, 74, 23.13
11:34:38 AM, 118.97, 157.0079, 0.9335, 78, 23.52
11:34:39 AM, 118.78, 157.2077, 0.9580, 74, 24.30
11:34:40 AM, 118.58, 157.0079, 0.9873, 74, 23.91
11:34:41 AM, 118.20, 156.8082, 1.0068, 74, 24.11
11:34:42 AM, 118.39, 156.0091, 1.0411, 74, 24.11
11:34:43 AM, 118.58, 156.6084, 0.9971, 78, 23.33
11:34:44 AM, 118.58, 156.8082, 0.9971, 74, 22.94
11:34:45 AM, 118.58, 156.8082, 0.9873, 74, 23.72
11:34:46 AM, 118.78, 157.4074, 0.9775, 74, 23.13
11:34:47 AM, 118.97, 157.0079, 0.9971, 78, 23.52
11:34:48 AM, 118.97, 157.2077, 0.9580, 74, 23.72
11:34:49 AM, 118.97, 157.0079, 0.9580, 74, 23.91
11:34:50 AM, 119.17, 157.4074, 0.9677, 74, 23.91
11:34:51 AM, 119.17, 157.4074, 0.9531, 74, 24.11
11:34:52 AM, 119.17, 157.6072, 0.9580, 74, 24.11
11:34:53 AM, 118.97, 157.2077, 0.9677, 74, 24.49
11:34:54 AM, 119.17, 157.4074, 0.9726, 74, 24.11
11:34:55 AM, 119.17, 157.6072, 0.9531, 74, 23.72
11:34:56 AM, 118.97, 157.4074, 0.9433, 74, 24.30
11:34:57 AM, 118.78, 157.2077, 0.9433, 78, 24.11
11:34:58 AM, 118.97, 156.8082, 0.9971, 74, 23.91
11:34:59 AM, 118.97, 157.2077, 0.9677, 74, 23.52
11:35:00 AM, 119.17, 157.4074, 0.9238, 74, 24.11
11:35:01 AM, 119.36, 157.4074, 0.9384, 74, 23.33
11:35:02 AM, 119.17, 157.8069, 0.9042, 74, 23.13
11:35:03 AM, 119.17, 157.4074, 0.9531, 74, 23.13
11:35:04 AM, 119.17, 157.4074, 0.9531, 74, 24.49
11:35:05 AM, 119.17, 157.0079, 0.9335, 74, 23.72
11:35:06 AM, 119.17, 157.4074, 0.9286, 74, 24.11
11:35:07 AM, 118.97, 158.2065, 0.9482, 74, 23.72
11:35:08 AM, 118.97, 157.4074, 0.9335, 74, 23.72
11:35:09 AM, 118.97, 157.6072, 0.9677, 74, 23.52
11:35:10 AM, 119.17, 157.0079, 0.9677, 74, 23.91
11:35:11 AM, 118.97, 157.2077, 0.9677, 74, 24.69
11:35:12 AM, 118.78, 157.0079, 0.9677, 74, 23.91
11:35:13 AM, 118.58, 157.0079, 1.0020, 74, 23.33
11:35:14 AM, 118.78, 157.4074, 1.0068, 74, 23.52
11:35:15 AM, 118.58, 156.4087, 0.9726, 74, 23.72
11:35:16 AM, 118.39, 156.6084, 0.9873, 74, 24.11
11:35:17 AM, 118.39, 156.4087, 1.0068, 74, 24.11
11:35:18 AM, 118.58, 156.6084, 0.9971, 74, 23.52
11:35:19 AM, 118.78, 157.0079, 0.9775, 74, 25.86
11:35:20 AM, 118.78, 157.0079, 0.9922, 74, 23.13
11:35:21 AM, 118.78, 156.6084, 0.9971, 74, 23.33
11:35:22 AM, 118.39, 157.0079, 1.0020, 74, 23.91
11:35:23 AM, 118.20, 156.6084, 1.0362, 74, 24.11
11:35:24 AM, 118.20, 156.2089, 1.0117, 74, 23.72
11:35:25 AM, 118.39, 156.2089, 1.0068, 74, 24.30
11:35:26 AM, 118.39, 156.8082, 1.0068, 74, 24.49
11:35:27 AM, 118.58, 156.4087, 1.0020, 74, 23.91
11:35:28 AM, 118.39, 158.8057, 1.0020, 74, 26.44
11:35:29 AM, 118.20, 156.4087, 1.0117, 74, 23.72
11:35:30 AM, 118.39, 156.2089, 1.0117, 74, 24.88
11:35:31 AM, 118.58, 156.4087, 0.9824, 74, 24.11
11:35:32 AM, 118.58, 156.8082, 0.9824, 74, 24.11
11:35:33 AM, 118.58, 157.4074, 0.9873, 74, 23.72
11:35:34 AM, 118.78, 156.4087, 1.0020, 74, 23.91
11:35:35 AM, 118.97, 156.4087, 0.9971, 74, 24.69
11:35:36 AM, 118.97, 157.4074, 0.9726, 74, 23.72
11:35:37 AM, 119.17, 157.6072, 0.9580, 78, 24.11
11:35:38 AM, 118.97, 157.2077, 0.9482, 74, 24.49
11:35:39 AM, 118.97, 157.4074, 0.9677, 74, 23.13
11:35:40 AM, 118.97, 157.2077, 0.9677, 74, 23.72
11:35:41 AM, 118.97, 157.2077, 0.9433, 74, 24.11
11:35:42 AM, 118.97, 157.4074, 0.9677, 74, 23.72
11:35:43 AM, 119.17, 157.0079, 0.9580, 74, 24.30
11:35:44 AM, 119.17, 157.4074, 0.9482, 74, 23.13
11:35:45 AM, 118.97, 157.4074, 0.9384, 74, 23.91
11:35:46 AM, 118.97, 157.2077, 0.9677, 74, 24.11
11:35:47 AM, 118.97, 157.0079, 0.9677, 74, 23.72
11:35:48 AM, 119.17, 157.0079, 0.9726, 74, 23.13
11:35:49 AM, 119.17, 157.2077, 0.9482, 74, 23.72
11:35:50 AM, 119.17, 157.4074, 0.9580, 74, 23.52
11:35:51 AM, 118.78, 157.4074, 0.9335, 74, 23.72
