Time, Heater Temp[C], Heater Voltage[V], Sense Voltage[V], Fan Speed[%], Ambient Temp[C]
10:16:26 AM, 97.20, 164.3989, 0.6207, 43, 23.72
10:16:27 AM, 97.01, 166.1967, 0.5816, 43, 24.11
10:16:28 AM, 97.01, 163.9994, 0.6647, 47, 23.33
10:16:29 AM, 97.01, 164.5986, 0.6354, 47, 23.91
10:16:30 AM, 97.01, 164.1991, 0.6305, 47, 23.52
10:16:31 AM, 97.20, 166.1967, 0.6158, 43, 23.91
10:16:32 AM, 97.01, 164.5986, 0.6256, 43, 23.91
10:16:33 AM, 96.81, 164.3989, 0.6305, 43, 23.52
10:16:34 AM, 96.62, 163.9994, 0.6647, 43, 24.11
10:16:35 AM, 97.01, 164.1991, 0.6549, 43, 23.72
10:16:36 AM, 97.01, 164.1991, 0.6305, 43, 23.91
10:16:37 AM, 97.20, 164.3989, 0.6305, 43, 22.74
10:16:38 AM, 97.20, 164.7984, 0.6158, 43, 24.11
10:16:39 AM, 97.01, 164.5986, 0.6158, 47, 24.11
10:16:40 AM, 97.01, 164.3989, 0.6403, 47, 23.52
10:16:41 AM, 97.20, 164.5986, 0.6403, 47, 24.11
10:16:42 AM, 97.20, 164.7984, 0.6061, 43, 23.52
10:16:43 AM, 97.01, 164.5986, 0.6012, 43, 23.72
10:16:44 AM, 97.20, 164.5986, 0.6109, 43, 22.94
10:16:45 AM, 97.20, 164.5986, 0.6061, 43, 22.55
10:16:46 AM, 97.20, 164.1991, 0.6256, 43, 23.52
10:16:47 AM, 97.20, 164.5986, 0.6256, 47, 23.91
10:16:48 AM, 97.20, 164.7984, 0.6158, 47, 23.33
10:16:49 AM, 97.01, 164.5986, 0.6256, 47, 23.13
10:16:50 AM, 97.20, 164.1991, 0.6354, 43, 24.11
10:16:51 AM, 97.20, 164.5986, 0.6061, 43, 23.52
10:16:52 AM, 97.20, 165.3977, 0.6061, 43, 23.33
10:16:53 AM, 97.20, 164.3989, 0.6354, 43, 23.91
10:16:54 AM, 97.01, 164.3989, 0.6207, 47, 24.11
10:16:55 AM, 97.20, 164.3989, 0.6305, 47, 24.11
10:16:56 AM, 97.20, 164.5986, 0.6305, 47, 23.72
10:16:57 AM, 97.20, 164.3989, 0.6012, 43, 23.33
10:16:58 AM, 97.01, 164.3989, 0.6207, 43, 24.30
10:16:59 AM, 97.20, 164.3989, 0.6354, 43, 24.30
10:17:00 AM, 97.20, 164.5986, 0.6256, 47, 22.94
10:17:01 AM, 97.20, 164.3989, 0.6256, 47, 24.11
10:17:02 AM, 97.20, 164.3989, 0.6207, 47, 24.11
10:17:03 AM, 97.20, 164.5986, 0.5963, 47, 21.58
10:17:04 AM, 97.20, 164.5986, 0.6207, 47, 24.30
10:17:05 AM, 97.20, 164.5986, 0.6354, 43, 23.91
10:17:06 AM, 97.20, 164.5986, 0.6256, 43, 23.33
10:17:07 AM, 97.20, 164.5986, 0.6256, 43, 23.13
10:17:08 AM, 97.20, 164.5986, 0.6305, 43, 24.11
10:17:09 AM, 97.20, 167.1955, 0.6256, 43, 23.72
10:17:10 AM, 97.20, 164.5986, 0.6061, 43, 23.72
10:17:11 AM, 97.20, 164.5986, 0.6158, 43, 23.52
10:17:12 AM, 97.20, 163.7996, 0.6403, 47, 24.11
10:17:13 AM, 97.20, 164.5986, 0.6061, 47, 24.11
10:17:14 AM, 97.20, 164.3989, 0.6109, 47, 23.72
10:17:15 AM, 97.20, 164.5986, 0.6256, 47, 23.91
10:17:16 AM, 97.20, 164.5986, 0.6256, 43, 23.33
10:17:17 AM, 97.20, 164.5986, 0.6354, 43, 23.72
10:17:18 AM, 97.01, 164.5986, 0.6647, 43, 24.30
10:17:19 AM, 97.01, 164.1991, 0.6207, 43, 23.52
10:17:20 AM, 97.20, 164.5986, 0.6354, 47, 23.72
10:17:21 AM, 97.20, 164.5986, 0.5425, 47, 23.91
10:17:22 AM, 97.20, 164.5986, 0.6207, 47, 22.74
10:17:23 AM, 97.01, 164.3989, 0.6256, 43, 23.91
10:17:24 AM, 97.01, 164.3989, 0.6354, 43, 23.52
10:17:25 AM, 97.01, 164.5986, 0.6256, 43, 23.33
10:17:26 AM, 97.01, 164.1991, 0.6403, 43, 23.91
10:17:27 AM, 97.20, 164.3989, 0.6305, 43, 23.72
10:17:28 AM, 97.20, 164.7984, 0.6061, 47, 23.72
10:17:29 AM, 97.20, 164.5986, 0.6354, 47, 23.52
10:17:30 AM, 97.01, 166.3964, 0.6256, 47, 22.94
10:17:31 AM, 97.01, 164.5986, 0.6354, 43, 22.74
10:17:32 AM, 97.01, 164.3989, 0.5816, 43, 23.91
10:17:33 AM, 97.20, 164.3989, 0.6109, 43, 23.13
10:17:34 AM, 97.20, 167.3952, 0.6256, 47, 23.52
10:17:35 AM, 97.01, 164.1991, 0.6061, 47, 23.91
10:17:36 AM, 96.81, 164.3989, 0.6354, 47, 23.72
10:17:37 AM, 97.01, 163.9994, 0.6598, 43, 23.52
10:17:38 AM, 97.01, 164.3989, 0.6256, 43, 24.30
10:17:39 AM, 97.20, 164.3989, 0.6256, 43, 24.11
10:17:40 AM, 97.20, 164.1991, 0.6305, 43, 23.52
10:17:41 AM, 97.20, 164.9981, 0.6256, 47, 24.11
10:17:42 AM, 97.20, 164.5986, 0.6109, 47, 24.11
10:17:43 AM, 97.20, 164.3989, 0.6256, 43, 23.52
10:17:44 AM, 97.20, 165.3977, 0.6256, 43, 23.13
10:17:45 AM, 97.20, 164.5986, 0.6061, 43, 23.72
10:17:46 AM, 97.20, 164.1991, 0.6012, 47, 24.11
10:17:47 AM, 97.20, 165.3977, 0.6012, 47, 23.13
10:17:48 AM, 97.01, 164.5986, 0.6256, 47, 23.52
10:17:49 AM, 97.20, 164.3989, 0.6061, 43, 23.52
10:17:50 AM, 97.20, 164.5986, 0.6256, 43, 33.63
10:17:51 AM, 97.20, 164.5986, 0.6061, 47, 23.52
10:17:52 AM, 97.20, 164.7984, 0.5963, 47, 23.72
10:17:53 AM, 97.20, 164.5986, 0.6305, 47, 24.11
10:17:54 AM, 97.20, 164.5986, 0.5963, 43, 23.52
10:17:55 AM, 97.20, 164.5986, 0.6256, 43, 24.11
10:17:56 AM, 97.20, 164.7984, 0.6061, 43, 23.91
10:17:57 AM, 97.20, 164.5986, 0.6207, 47, 23.52
10:17:58 AM, 97.01, 164.5986, 0.6256, 47, 24.11
10:17:59 AM, 96.81, 164.5986, 0.6452, 47, 23.52
10:18:00 AM, 96.81, 163.9994, 0.6452, 43, 23.52
10:18:01 AM, 97.01, 163.9994, 0.6647, 43, 22.36
10:18:02 AM, 97.20, 164.3989, 0.6354, 43, 22.94
10:18:03 AM, 97.20, 164.3989, 0.6256, 43, 23.91
10:18:04 AM, 97.20, 164.5986, 0.6256, 47, 23.72
10:18:05 AM, 97.20, 164.5986, 0.6256, 47, 23.91
10:18:06 AM, 97.20, 164.7984, 0.6158, 43, 24.11
10:18:07 AM, 97.20, 164.5986, 0.5963, 43, 23.72
10:18:08 AM, 97.20, 164.7984, 0.6207, 43, 23.72
10:18:09 AM, 97.20, 164.5986, 0.6061, 47, 24.11
10:18:10 AM, 97.20, 164.5986, 0.6256, 47, 23.91
10:18:11 AM, 97.20, 164.9981, 0.6256, 43, 23.72
10:18:12 AM, 97.20, 164.7984, 0.6256, 43, 23.91
10:18:13 AM, 97.20, 164.5986, 0.6061, 43, 24.11
10:18:14 AM, 97.20, 164.5986, 0.6207, 43, 23.52
10:18:15 AM, 97.20, 164.5986, 0.6109, 43, 23.33
10:18:16 AM, 97.01, 164.5986, 0.6354, 47, 24.11
10:18:17 AM, 97.20, 164.5986, 0.6500, 47, 24.11
10:18:18 AM, 97.20, 164.5986, 0.6207, 47, 22.94
10:18:19 AM, 97.20, 163.9994, 0.6256, 43, 23.52
10:18:20 AM, 97.20, 164.5986, 0.6305, 43, 23.72
10:18:21 AM, 97.20, 164.5986, 0.6305, 43, 23.13
10:18:22 AM, 97.20, 164.3989, 0.6207, 47, 23.91
10:18:23 AM, 97.20, 164.5986, 0.6305, 47, 23.91
10:18:24 AM, 97.20, 167.1955, 0.6256, 47, 24.11
10:18:25 AM, 97.20, 164.5986, 0.5963, 43, 24.30
10:18:26 AM, 97.20, 164.7984, 0.6256, 43, 23.72
10:18:27 AM, 97.20, 164.5986, 0.6012, 47, 23.33
10:18:28 AM, 97.20, 164.5986, 0.6012, 47, 24.11
10:18:29 AM, 97.20, 163.7996, 0.6012, 47, 23.52
10:18:30 AM, 97.20, 165.3977, 0.5914, 47, 23.33
10:18:31 AM, 97.20, 164.5986, 0.6207, 43, 24.30
10:18:32 AM, 97.20, 164.3989, 0.5914, 43, 34.80
10:18:33 AM, 97.20, 164.3989, 0.6256, 47, 23.33
10:18:34 AM, 97.20, 164.5986, 0.6158, 47, 23.52
10:18:35 AM, 97.20, 164.3989, 0.6207, 47, 23.91
10:18:36 AM, 97.20, 164.5986, 0.6256, 43, 23.52
10:18:37 AM, 97.20, 166.1967, 0.6256, 43, 23.72
10:18:38 AM, 97.20, 166.1967, 0.6354, 43, 23.72
10:18:39 AM, 97.20, 164.5986, 0.6305, 43, 23.52
10:18:40 AM, 97.01, 164.5986, 0.6305, 47, 23.91
10:18:41 AM, 97.01, 164.3989, 0.6452, 47, 23.91
10:18:42 AM, 97.20, 164.1991, 0.6305, 43, 24.11
10:18:43 AM, 97.20, 164.5986, 0.6354, 43, 23.33
10:18:44 AM, 97.20, 164.1991, 0.6256, 43, 24.11
10:18:45 AM, 97.20, 166.9957, 0.6061, 43, 23.91
10:18:46 AM, 97.20, 164.1991, 0.6061, 43, 23.72
10:18:47 AM, 97.01, 164.5986, 0.6207, 43, 23.33
10:18:48 AM, 97.20, 164.1991, 0.6256, 47, 23.91
10:18:49 AM, 97.20, 164.5986, 0.6061, 47, 25.66
10:18:50 AM, 97.20, 164.5986, 0.6354, 47, 23.52
10:18:51 AM, 97.20, 164.5986, 0.6012, 47, 24.11
10:18:52 AM, 97.20, 164.3989, 0.5963, 47, 24.11
10:18:53 AM, 97.20, 164.5986, 0.6256, 43, 23.52
10:18:54 AM, 97.20, 164.7984, 0.6256, 43, 23.72
10:18:55 AM, 97.20, 163.9994, 0.6354, 43, 23.72
10:18:56 AM, 97.20, 164.5986, 0.5523, 43, 24.11
10:18:57 AM, 97.01, 164.5986, 0.6256, 43, 23.91
10:18:58 AM, 97.20, 164.3989, 0.6207, 47, 23.91
10:18:59 AM, 97.20, 164.5986, 0.6061, 47, 23.72
10:19:00 AM, 97.20, 164.7984, 0.6012, 47, 23.72
10:19:01 AM, 97.20, 164.5986, 0.6256, 43, 23.91
10:19:02 AM, 97.01, 165.3977, 0.5963, 43, 23.33
10:19:03 AM, 96.62, 164.1991, 0.6598, 43, 23.72
10:19:04 AM, 96.81, 163.5999, 0.6696, 47, 23.91
10:19:05 AM, 97.01, 163.7996, 0.6647, 47, 23.72
10:19:06 AM, 97.20, 164.3989, 0.6305, 47, 21.58
10:19:07 AM, 97.20, 164.5986, 0.6109, 43, 23.52
10:19:08 AM, 97.20, 164.5986, 0.6305, 43, 23.72
10:19:09 AM, 97.20, 164.5986, 0.6256, 43, 23.13
10:19:10 AM, 97.20, 164.5986, 0.6940, 47, 24.11
10:19:11 AM, 97.20, 164.5986, 0.6305, 47, 23.91
10:19:12 AM, 97.20, 164.9981, 0.5914, 43, 23.72
10:19:13 AM, 97.20, 165.3977, 0.5963, 43, 22.94
10:19:14 AM, 97.01, 164.3989, 0.6061, 43, 23.52
10:19:15 AM, 97.20, 164.5986, 0.6452, 43, 23.52
10:19:16 AM, 97.20, 164.5986, 0.6207, 47, 23.52
10:19:17 AM, 97.20, 164.5986, 0.6305, 47, 23.72
10:19:18 AM, 97.20, 163.7996, 0.6305, 47, 23.72
10:19:19 AM, 97.20, 164.9981, 0.6256, 43, 23.91
10:19:20 AM, 97.20, 164.5986, 0.6305, 43, 23.91
10:19:21 AM, 97.20, 164.5986, 0.6305, 43, 23.52
10:19:22 AM, 97.20, 164.5986, 0.6061, 43, 23.33
10:19:23 AM, 97.20, 163.9994, 0.6256, 43, 23.72
10:19:24 AM, 97.20, 164.5986, 0.6256, 43, 23.91
10:19:25 AM, 97.20, 164.9981, 0.5425, 47, 24.11
10:19:26 AM, 97.20, 164.5986, 0.6354, 47, 23.72
10:19:27 AM, 97.20, 164.5986, 0.6061, 43, 23.33
10:19:28 AM, 97.20, 164.3989, 0.6207, 43, 23.33
10:19:29 AM, 97.20, 164.7984, 0.6207, 43, 23.33
10:19:30 AM, 97.20, 164.7984, 0.6256, 43, 24.11
10:19:31 AM, 97.20, 164.5986, 0.6256, 47, 21.77
10:19:32 AM, 97.20, 164.5986, 0.6256, 47, 23.72
10:19:33 AM, 97.20, 164.5986, 0.6061, 43, 23.72
10:19:34 AM, 97.20, 164.1991, 0.6012, 43, 23.91
10:19:35 AM, 97.20, 164.5986, 0.6207, 43, 23.72
10:19:36 AM, 97.20, 165.3977, 0.6207, 47, 22.74
10:19:37 AM, 97.20, 164.7984, 0.5865, 47, 23.52
10:19:38 AM, 97.20, 164.7984, 0.6061, 47, 21.58
10:19:39 AM, 97.20, 164.5986, 0.6305, 43, 23.91
10:19:40 AM, 97.20, 165.1979, 0.6256, 43, 23.72
10:19:41 AM, 97.01, 164.5986, 0.6158, 43, 24.11
10:19:42 AM, 97.01, 163.9994, 0.6403, 47, 23.33
10:19:43 AM, 97.20, 164.3989, 0.6158, 47, 23.91
10:19:44 AM, 97.20, 164.5986, 0.6305, 47, 23.13
10:19:45 AM, 97.20, 164.5986, 0.5963, 43, 23.52
10:19:46 AM, 97.20, 164.5986, 0.6256, 43, 23.13
10:19:47 AM, 97.20, 164.5986, 0.6109, 43, 24.49
10:19:48 AM, 97.01, 164.5986, 0.6207, 43, 23.33
10:19:49 AM, 97.20, 164.1991, 0.6256, 43, 23.72
10:19:50 AM, 97.20, 164.5986, 0.6256, 47, 23.72
10:19:51 AM, 97.20, 164.7984, 0.6158, 47, 23.72
10:19:52 AM, 97.20, 164.5986, 0.6256, 47, 23.91
10:19:53 AM, 97.20, 164.7984, 0.6256, 43, 23.13
10:19:54 AM, 97.20, 164.7984, 0.5914, 43, 24.11
10:19:55 AM, 97.20, 164.7984, 0.5963, 47, 24.11
10:19:56 AM, 97.20, 166.1967, 0.6158, 47, 23.72
10:19:57 AM, 97.20, 164.5986, 0.6109, 47, 23.13
10:19:58 AM, 97.20, 164.1991, 0.6012, 43, 23.52
10:19:59 AM, 97.01, 164.5986, 0.6354, 43, 23.91
10:20:00 AM, 97.01, 164.5986, 0.6403, 43, 24.30
10:20:01 AM, 97.01, 164.5986, 0.6549, 43, 24.11
10:20:02 AM, 97.20, 164.7984, 0.6061, 47, 23.72
10:20:03 AM, 97.20, 164.5986, 0.5963, 43, 23.72
10:20:04 AM, 97.20, 166.1967, 0.6256, 43, 23.52
10:20:05 AM, 97.20, 164.5986, 0.6256, 43, 24.49
10:20:06 AM, 97.01, 164.5986, 0.6256, 47, 23.52
10:20:07 AM, 97.20, 164.5986, 0.6305, 47, 22.74
10:20:08 AM, 97.20, 164.7984, 0.5963, 47, 23.52
10:20:09 AM, 97.20, 163.9994, 0.6158, 43, 23.91
10:20:10 AM, 97.20, 164.5986, 0.6012, 43, 23.91
10:20:11 AM, 97.20, 164.5986, 0.5865, 47, 23.33
10:20:12 AM, 97.20, 164.5986, 0.6256, 43, 23.72
10:20:13 AM, 97.01, 164.5986, 0.6305, 43, 23.72
10:20:14 AM, 97.01, 163.9994, 0.6109, 43, 24.11
10:20:15 AM, 97.20, 164.1991, 0.6452, 43, 23.52
10:20:16 AM, 97.20, 164.1991, 0.6256, 47, 23.52
10:20:17 AM, 97.20, 164.7984, 0.6256, 43, 24.11
10:20:18 AM, 97.20, 164.5986, 0.6305, 43, 21.58
10:20:19 AM, 97.20, 164.3989, 0.6256, 43, 23.91
10:20:20 AM, 97.20, 164.5986, 0.6305, 43, 23.52
10:20:21 AM, 97.20, 164.5986, 0.6256, 43, 23.13
10:20:22 AM, 97.20, 164.5986, 0.6256, 47, 24.30
10:20:23 AM, 97.20, 165.1979, 0.6061, 47, 23.52
10:20:24 AM, 97.01, 164.5986, 0.6256, 43, 23.33
10:20:25 AM, 97.01, 164.3989, 0.6403, 43, 23.13
10:20:26 AM, 97.01, 164.7984, 0.6109, 43, 24.11
10:20:27 AM, 97.20, 164.1991, 0.6354, 43, 23.72
10:20:28 AM, 97.01, 164.5986, 0.6207, 47, 23.33
10:20:29 AM, 96.81, 164.5986, 0.6305, 47, 23.13
10:20:30 AM, 96.62, 163.9994, 0.6500, 47, 22.74
10:20:31 AM, 96.42, 163.7996, 0.6696, 47, 23.52
10:20:32 AM, 97.01, 164.3989, 0.6452, 43, 24.30
10:20:33 AM, 97.20, 165.3977, 0.6305, 43, 23.72
10:20:34 AM, 97.20, 164.5986, 0.6256, 43, 24.30
10:20:35 AM, 97.39, 164.7984, 0.7136, 43, 23.33
10:20:36 AM, 97.20, 164.7984, 0.5963, 43, 23.33
10:20:37 AM, 97.20, 165.3977, 0.6256, 43, 23.13
10:20:38 AM, 97.20, 164.5986, 0.6012, 43, 23.72
10:20:39 AM, 97.20, 164.7984, 0.6158, 47, 23.52
10:20:40 AM, 97.20, 164.5986, 0.6207, 47, 23.72
10:20:41 AM, 97.20, 164.5986, 0.6354, 43, 23.33
10:20:42 AM, 97.01, 163.9994, 0.6305, 43, 23.33
10:20:43 AM, 97.20, 164.5986, 0.6256, 43, 21.58
10:20:44 AM, 97.20, 164.5986, 0.6256, 43, 22.94
10:20:45 AM, 97.20, 164.3989, 0.6158, 47, 24.30
10:20:46 AM, 97.20, 164.5986, 0.6012, 47, 23.52
10:20:47 AM, 97.20, 164.5986, 0.6354, 43, 23.52
10:20:48 AM, 97.20, 164.5986, 0.6109, 43, 24.49
10:20:49 AM, 97.20, 164.5986, 0.6012, 43, 23.52
10:20:50 AM, 97.20, 164.5986, 0.6256, 43, 23.52
10:20:51 AM, 97.20, 164.5986, 0.6207, 47, 22.94
10:20:52 AM, 97.20, 164.7984, 0.5914, 47, 25.86
10:20:53 AM, 97.20, 164.7984, 0.6207, 47, 33.83
10:20:54 AM, 97.20, 164.7984, 0.6256, 43, 23.52
10:20:55 AM, 97.20, 164.3989, 0.6061, 43, 23.52
10:20:56 AM, 97.20, 164.7984, 0.6305, 43, 22.94
10:20:57 AM, 97.01, 164.5986, 0.6256, 43, 23.52
10:20:58 AM, 97.20, 164.9981, 0.6354, 47, 24.88
10:20:59 AM, 97.20, 164.7984, 0.6158, 47, 22.94
10:21:00 AM, 97.20, 164.7984, 0.6207, 47, 23.33
10:21:01 AM, 97.20, 164.9981, 0.5865, 43, 23.33
10:21:02 AM, 97.20, 164.5986, 0.6061, 43, 23.33
10:21:03 AM, 97.20, 164.5986, 0.6109, 43, 23.33
10:21:04 AM, 97.20, 166.3964, 0.6256, 43, 23.52
10:21:05 AM, 97.20, 164.5986, 0.6012, 43, 23.33
10:21:06 AM, 97.20, 164.5986, 0.6256, 47, 23.52
10:21:07 AM, 97.20, 164.5986, 0.6158, 47, 23.33
10:21:08 AM, 97.20, 164.7984, 0.6256, 47, 23.52
10:21:09 AM, 97.20, 164.3989, 0.6158, 43, 34.02
10:21:10 AM, 97.20, 164.5986, 0.6745, 43, 23.33
10:21:11 AM, 97.20, 164.5986, 0.6256, 43, 23.33
10:21:12 AM, 97.20, 164.5986, 0.6256, 43, 23.33
10:21:13 AM, 97.20, 164.7984, 0.6158, 43, 23.72
10:21:14 AM, 97.20, 164.5986, 0.6354, 43, 23.52
10:21:15 AM, 97.20, 164.5986, 0.6256, 43, 23.33
10:21:16 AM, 97.20, 164.7984, 0.6256, 43, 23.52
10:21:17 AM, 97.20, 164.5986, 0.6354, 47, 23.72
10:21:18 AM, 97.20, 164.7984, 0.6354, 47, 23.52
10:21:19 AM, 97.20, 164.5986, 0.6354, 47, 23.72
10:21:20 AM, 97.01, 164.7984, 0.6256, 47, 23.72
10:21:21 AM, 97.20, 164.3989, 0.6354, 47, 23.33
10:21:22 AM, 97.20, 164.7984, 0.5963, 43, 23.33
10:21:23 AM, 97.20, 164.1991, 0.6256, 43, 23.33
10:21:24 AM, 97.20, 164.5986, 0.6305, 43, 23.13
10:21:25 AM, 97.20, 164.7984, 0.6305, 43, 22.94
10:21:26 AM, 97.20, 164.7984, 0.6256, 43, 23.33
10:21:27 AM, 97.20, 164.5986, 0.6158, 47, 23.72
10:21:28 AM, 97.20, 165.3977, 0.6256, 47, 22.94
10:21:29 AM, 97.20, 164.7984, 0.6061, 47, 24.30
10:21:30 AM, 97.20, 164.1991, 0.6158, 43, 23.13
10:21:31 AM, 97.01, 164.5986, 0.6061, 43, 23.72
10:21:32 AM, 97.20, 164.5986, 0.6354, 43, 23.72
10:21:33 AM, 97.20, 164.7984, 0.6061, 43, 23.91
10:21:34 AM, 97.39, 164.7984, 0.6354, 47, 21.58
10:21:35 AM, 97.39, 164.9981, 0.6061, 47, 23.13
10:21:36 AM, 97.39, 164.7984, 0.6061, 47, 23.72
10:21:37 AM, 97.20, 164.7984, 0.6061, 43, 23.52
10:21:38 AM, 97.20, 164.7984, 0.6109, 43, 24.11
10:21:39 AM, 97.20, 164.7984, 0.5963, 43, 23.52
10:21:40 AM, 97.20, 164.5986, 0.6061, 43, 23.52
10:21:41 AM, 97.20, 164.7984, 0.6256, 47, 24.11
10:21:42 AM, 97.20, 164.5986, 0.6207, 47, 23.33
10:21:43 AM, 97.20, 164.7984, 0.6256, 47, 22.74
10:21:44 AM, 97.20, 164.9981, 0.6256, 43, 23.33
10:21:45 AM, 97.20, 164.7984, 0.6256, 43, 22.94
10:21:46 AM, 97.20, 163.9994, 0.6207, 43, 23.33
10:21:47 AM, 97.20, 164.5986, 0.5425, 43, 23.33
10:21:48 AM, 97.20, 164.7984, 0.6158, 47, 23.72
10:21:49 AM, 97.20, 164.7984, 0.6158, 47, 23.33
10:21:50 AM, 97.20, 164.5986, 0.6403, 47, 24.11
10:21:51 AM, 97.20, 164.5986, 0.5963, 47, 24.11
10:21:52 AM, 97.20, 164.7984, 0.6256, 43, 23.52
10:21:53 AM, 97.20, 164.7984, 0.6158, 43, 24.11
10:21:54 AM, 97.20, 164.7984, 0.6354, 43, 23.72
10:21:55 AM, 97.01, 164.7984, 0.6256, 47, 23.72
