Time, Heater Temp[C], Heater Voltage[V], Sense Voltage[V], Fan Speed[%], Ambient Temp[C]
9:44:32 AM, 71.73, 165.5974, 0.4741, 74, 22.36
9:44:33 AM, 71.73, 164.9981, 0.4643, 74, 23.33
9:44:34 AM, 71.73, 165.5974, 0.4936, 74, 22.94
9:44:35 AM, 71.73, 165.1979, 0.5034, 78, 22.55
9:44:36 AM, 71.73, 165.3977, 0.5083, 74, 23.13
9:44:37 AM, 71.73, 165.5974, 0.4985, 74, 22.36
9:44:38 AM, 71.54, 165.5974, 0.4888, 74, 34.21
9:44:39 AM, 71.15, 165.1979, 0.4888, 74, 22.74
9:44:40 AM, 71.34, 164.9981, 0.5279, 74, 21.58
9:44:41 AM, 71.34, 165.1979, 0.5132, 74, 22.74
9:44:42 AM, 71.34, 164.7984, 0.5132, 74, 22.74
9:44:43 AM, 71.34, 165.3977, 0.5083, 74, 23.13
9:44:44 AM, 71.15, 165.1979, 0.5132, 74, 22.94
9:44:45 AM, 70.96, 164.7984, 0.5474, 74, 22.74
9:44:46 AM, 71.15, 164.3989, 0.4643, 74, 23.33
9:44:47 AM, 71.34, 164.9981, 0.5230, 78, 22.94
9:44:48 AM, 71.34, 165.3977, 0.5034, 78, 22.55
9:44:49 AM, 71.34, 165.1979, 0.5132, 78, 23.13
9:44:50 AM, 71.15, 165.1979, 0.5230, 74, 22.94
9:44:51 AM, 71.15, 165.1979, 0.5181, 74, 23.33
9:44:52 AM, 71.34, 165.3977, 0.5181, 74, 22.74
9:44:53 AM, 71.34, 165.1979, 0.5181, 74, 23.13
9:44:54 AM, 71.15, 164.9981, 0.5083, 74, 23.33
9:44:55 AM, 70.96, 164.9981, 0.5083, 74, 22.94
9:44:56 AM, 70.76, 164.7984, 0.5327, 74, 23.13
9:44:57 AM, 70.96, 164.5986, 0.5816, 74, 22.94
9:44:58 AM, 71.15, 164.5986, 0.5523, 74, 23.33
9:44:59 AM, 71.34, 164.7984, 0.5376, 74, 23.72
9:45:00 AM, 71.34, 165.3977, 0.5132, 74, 22.16
9:45:01 AM, 71.15, 165.3977, 0.5181, 74, 23.13
9:45:02 AM, 70.96, 164.7984, 0.5376, 74, 23.13
9:45:03 AM, 71.15, 164.5986, 0.5523, 74, 22.94
9:45:04 AM, 71.34, 164.7984, 0.5279, 74, 23.33
9:45:05 AM, 71.34, 165.1979, 0.5132, 74, 23.52
9:45:06 AM, 71.34, 165.5974, 0.5132, 74, 23.33
9:45:07 AM, 71.34, 165.5974, 0.4888, 74, 23.72
9:45:08 AM, 71.34, 165.3977, 0.5132, 74, 23.33
9:45:09 AM, 71.34, 165.7972, 0.4936, 74, 23.33
9:45:10 AM, 71.34, 165.1979, 0.5181, 74, 22.16
9:45:11 AM, 71.54, 165.1979, 0.4936, 74, 23.33
9:45:12 AM, 71.54, 165.1979, 0.5083, 74, 23.13
9:45:13 AM, 71.73, 165.3977, 0.5132, 74, 22.55
9:45:14 AM, 71.73, 165.5974, 0.5132, 74, 23.33
9:45:15 AM, 71.73, 165.5974, 0.4888, 74, 23.33
9:45:16 AM, 71.73, 165.1979, 0.4936, 74, 22.74
9:45:17 AM, 71.73, 165.5974, 0.4790, 74, 23.13
9:45:18 AM, 71.93, 165.5974, 0.5083, 74, 22.94
9:45:19 AM, 71.73, 165.9969, 0.4594, 74, 23.33
9:45:20 AM, 71.73, 165.5974, 0.4839, 74, 23.33
9:45:21 AM, 71.73, 165.3977, 0.5083, 74, 22.74
9:45:22 AM, 71.73, 165.3977, 0.4936, 74, 22.55
9:45:23 AM, 71.73, 164.7984, 0.5083, 74, 23.13
9:45:24 AM, 71.73, 165.5974, 0.5034, 74, 22.16
9:45:25 AM, 71.73, 165.5974, 0.5083, 74, 23.52
9:45:26 AM, 71.73, 165.3977, 0.4985, 74, 23.52
9:45:27 AM, 71.54, 165.5974, 0.5034, 74, 23.52
9:45:28 AM, 71.54, 165.1979, 0.5083, 74, 22.36
9:45:29 AM, 71.54, 165.3977, 0.5034, 74, 22.94
9:45:30 AM, 71.54, 165.3977, 0.4936, 74, 23.91
9:45:31 AM, 71.34, 165.3977, 0.5034, 74, 23.13
9:45:32 AM, 71.34, 165.1979, 0.5132, 74, 22.74
9:45:33 AM, 71.54, 165.3977, 0.5132, 78, 22.94
9:45:34 AM, 71.54, 165.5974, 0.5034, 74, 23.33
9:45:35 AM, 71.54, 165.3977, 0.5670, 74, 22.55
9:45:36 AM, 71.34, 165.3977, 0.5132, 74, 23.33
9:45:37 AM, 70.96, 164.9981, 0.5425, 74, 22.74
9:45:38 AM, 71.15, 164.9981, 0.5572, 74, 25.08
9:45:39 AM, 71.34, 164.9981, 0.5474, 74, 23.52
9:45:40 AM, 71.34, 165.3977, 0.5230, 74, 22.94
9:45:41 AM, 71.34, 165.1979, 0.5230, 74, 22.55
9:45:42 AM, 71.54, 165.1979, 0.4888, 74, 23.13
9:45:43 AM, 71.54, 165.3977, 0.4985, 78, 22.74
9:45:44 AM, 71.54, 164.5986, 0.5279, 74, 23.52
9:45:45 AM, 71.73, 165.3977, 0.4985, 74, 23.33
9:45:46 AM, 71.73, 165.1979, 0.4888, 74, 23.52
9:45:47 AM, 71.73, 164.9981, 0.5083, 74, 23.13
9:45:48 AM, 71.73, 168.5937, 0.4985, 74, 23.52
9:45:49 AM, 71.73, 165.5974, 0.5034, 74, 23.52
9:45:50 AM, 71.34, 165.3977, 0.4985, 74, 23.13
9:45:51 AM, 71.15, 164.7984, 0.5279, 74, 23.52
9:45:52 AM, 71.15, 164.7984, 0.5523, 74, 22.94
9:45:53 AM, 71.34, 164.5986, 0.5376, 74, 23.33
9:45:54 AM, 71.34, 165.3977, 0.5181, 74, 22.74
9:45:55 AM, 71.34, 165.1979, 0.4936, 74, 23.13
9:45:56 AM, 71.54, 165.5974, 0.4888, 74, 23.52
9:45:57 AM, 71.34, 165.5974, 0.4936, 74, 23.13
9:45:58 AM, 71.15, 165.1979, 0.5132, 78, 22.74
9:45:59 AM, 71.34, 164.7984, 0.5327, 74, 22.94
9:46:00 AM, 71.34, 165.1979, 0.5181, 74, 23.52
9:46:01 AM, 71.54, 165.3977, 0.5816, 74, 23.13
9:46:02 AM, 71.54, 165.3977, 0.4839, 74, 23.52
9:46:03 AM, 71.54, 165.1979, 0.4741, 74, 23.33
9:46:04 AM, 71.54, 165.5974, 0.4888, 74, 23.52
9:46:05 AM, 71.34, 164.9981, 0.4643, 74, 23.33
9:46:06 AM, 71.73, 165.3977, 0.5034, 74, 22.36
9:46:07 AM, 71.93, 165.5974, 0.4741, 74, 23.13
9:46:08 AM, 71.73, 165.7972, 0.4643, 74, 23.33
9:46:09 AM, 71.73, 165.3977, 0.4839, 74, 22.94
9:46:10 AM, 71.73, 165.5974, 0.4936, 74, 22.74
9:46:11 AM, 71.34, 165.5974, 0.4985, 74, 21.97
9:46:12 AM, 71.34, 165.3977, 0.4936, 74, 23.33
9:46:13 AM, 71.34, 166.1967, 0.5181, 74, 23.52
9:46:14 AM, 71.34, 165.3977, 0.5132, 74, 23.13
9:46:15 AM, 71.34, 165.1979, 0.5181, 74, 22.74
9:46:16 AM, 71.15, 165.1979, 0.5132, 74, 22.55
9:46:17 AM, 71.15, 164.7984, 0.5425, 74, 22.74
9:46:18 AM, 71.15, 164.7984, 0.5425, 74, 22.55
9:46:19 AM, 71.34, 164.7984, 0.5425, 74, 22.94
9:46:20 AM, 71.34, 167.9945, 0.4985, 74, 23.52
9:46:21 AM, 71.15, 165.1979, 0.5181, 74, 23.13
9:46:22 AM, 70.96, 164.7984, 0.5279, 74, 23.72
9:46:23 AM, 70.76, 164.7984, 0.5572, 74, 22.74
9:46:24 AM, 70.96, 163.9994, 0.5767, 74, 22.36
9:46:25 AM, 71.15, 164.3989, 0.5523, 74, 23.72
9:46:26 AM, 71.34, 164.9981, 0.5523, 74, 22.74
9:46:27 AM, 71.54, 165.3977, 0.5181, 74, 22.55
9:46:28 AM, 71.54, 165.5974, 0.4790, 74, 23.52
9:46:29 AM, 71.54, 165.1979, 0.5132, 74, 22.94
9:46:30 AM, 71.54, 165.3977, 0.5034, 74, 23.52
9:46:31 AM, 71.54, 165.7972, 0.4790, 74, 23.52
9:46:32 AM, 71.54, 165.3977, 0.4936, 74, 23.33
9:46:33 AM, 71.54, 165.3977, 0.5914, 74, 23.72
9:46:34 AM, 71.73, 165.3977, 0.5132, 74, 23.13
9:46:35 AM, 71.73, 165.1979, 0.5083, 74, 22.36
9:46:36 AM, 71.73, 165.1979, 0.4839, 74, 23.52
9:46:37 AM, 71.73, 165.3977, 0.4985, 74, 23.52
9:46:38 AM, 71.73, 165.7972, 0.5034, 74, 23.13
9:46:39 AM, 71.73, 165.3977, 0.5034, 74, 23.13
9:46:40 AM, 71.73, 165.1979, 0.4643, 74, 23.13
9:46:41 AM, 71.93, 163.7996, 0.5083, 74, 23.33
9:46:42 AM, 71.93, 165.9969, 0.4643, 74, 21.58
9:46:43 AM, 71.93, 165.5974, 0.4643, 74, 22.74
9:46:44 AM, 71.93, 165.5974, 0.4839, 74, 23.13
9:46:45 AM, 71.93, 165.9969, 0.4839, 74, 21.58
9:46:46 AM, 71.93, 165.9969, 0.4741, 74, 23.33
9:46:47 AM, 71.93, 165.9969, 0.4643, 74, 23.33
9:46:48 AM, 71.93, 165.9969, 0.4790, 74, 22.55
9:46:49 AM, 71.93, 165.9969, 0.4790, 78, 23.52
9:46:50 AM, 71.93, 165.9969, 0.4790, 74, 23.13
9:46:51 AM, 71.93, 165.9969, 0.4839, 74, 22.74
9:46:52 AM, 71.54, 165.7972, 0.4790, 74, 23.72
9:46:53 AM, 71.54, 165.5974, 0.5083, 74, 23.13
9:46:54 AM, 71.54, 165.3977, 0.5132, 74, 23.13
9:46:55 AM, 71.54, 165.3977, 0.5034, 74, 23.52
9:46:56 AM, 71.34, 165.5974, 0.5083, 74, 22.94
9:46:57 AM, 71.15, 165.3977, 0.5230, 74, 22.74
9:46:58 AM, 70.96, 164.3989, 0.5523, 74, 23.13
9:46:59 AM, 71.15, 164.1991, 0.5425, 78, 23.33
9:47:00 AM, 71.34, 164.9981, 0.5425, 74, 26.05
9:47:01 AM, 71.34, 165.7972, 0.5132, 74, 21.58
9:47:02 AM, 71.34, 165.1979, 0.5132, 74, 22.94
9:47:03 AM, 71.34, 165.1979, 0.4888, 74, 23.33
9:47:04 AM, 71.15, 165.5974, 0.4888, 74, 23.13
9:47:05 AM, 71.34, 164.9981, 0.5132, 78, 23.72
9:47:06 AM, 71.34, 164.9981, 0.5279, 74, 23.72
9:47:07 AM, 71.54, 164.9981, 0.5230, 74, 22.94
9:47:08 AM, 71.54, 165.3977, 0.4936, 74, 23.33
9:47:09 AM, 71.54, 165.3977, 0.5181, 74, 22.94
9:47:10 AM, 71.54, 165.5974, 0.5034, 74, 23.72
9:47:11 AM, 71.54, 166.1967, 0.5034, 74, 23.13
9:47:12 AM, 71.73, 165.3977, 0.5181, 74, 23.13
9:47:13 AM, 71.73, 165.5974, 0.4985, 74, 22.94
9:47:14 AM, 71.73, 165.5974, 0.4448, 74, 23.33
9:47:15 AM, 71.73, 165.5974, 0.5034, 74, 23.13
9:47:16 AM, 71.73, 165.5974, 0.4985, 74, 23.33
9:47:17 AM, 71.73, 165.3977, 0.5083, 74, 22.94
9:47:18 AM, 71.73, 165.3977, 0.5034, 74, 22.55
9:47:19 AM, 71.54, 168.7935, 0.5034, 74, 23.52
9:47:20 AM, 71.54, 165.3977, 0.4936, 78, 23.33
9:47:21 AM, 71.54, 165.3977, 0.5034, 74, 23.13
9:47:22 AM, 71.34, 165.5974, 0.5132, 74, 22.74
9:47:23 AM, 71.34, 165.3977, 0.5279, 74, 22.74
9:47:24 AM, 71.34, 165.1979, 0.4985, 74, 21.58
9:47:25 AM, 71.34, 165.3977, 0.5230, 74, 22.36
9:47:26 AM, 71.54, 165.1979, 0.5181, 74, 22.74
9:47:27 AM, 71.54, 165.3977, 0.5083, 74, 22.36
9:47:28 AM, 71.54, 165.3977, 0.5132, 74, 23.13
9:47:29 AM, 71.73, 165.5974, 0.4888, 78, 23.72
9:47:30 AM, 71.73, 165.3977, 0.4888, 74, 23.72
9:47:31 AM, 71.73, 165.3977, 0.5034, 74, 22.74
9:47:32 AM, 71.73, 165.5974, 0.4888, 74, 22.74
9:47:33 AM, 71.73, 165.3977, 0.5034, 74, 22.36
9:47:34 AM, 71.73, 165.3977, 0.4985, 74, 23.52
9:47:35 AM, 71.34, 165.5974, 0.4888, 74, 22.55
9:47:36 AM, 71.34, 165.3977, 0.5279, 74, 23.72
9:47:37 AM, 71.34, 165.1979, 0.4888, 74, 23.52
9:47:38 AM, 71.15, 165.3977, 0.5132, 74, 23.72
9:47:39 AM, 71.34, 164.9981, 0.5181, 74, 23.33
9:47:40 AM, 71.34, 165.1979, 0.4985, 74, 23.33
9:47:41 AM, 71.15, 166.5962, 0.5279, 74, 23.91
9:47:42 AM, 71.15, 164.9981, 0.5523, 74, 23.91
9:47:43 AM, 71.15, 164.7984, 0.5523, 74, 22.74
9:47:44 AM, 71.34, 164.5986, 0.5474, 74, 23.33
9:47:45 AM, 71.34, 165.3977, 0.5083, 74, 23.52
9:47:46 AM, 71.34, 165.3977, 0.5083, 78, 23.13
9:47:47 AM, 71.34, 165.3977, 0.5181, 74, 23.52
9:47:48 AM, 71.34, 165.1979, 0.4888, 74, 22.74
9:47:49 AM, 71.54, 165.3977, 0.5230, 74, 23.13
9:47:50 AM, 71.73, 165.5974, 0.4985, 74, 22.94
9:47:51 AM, 71.73, 165.5974, 0.4936, 74, 22.55
9:47:52 AM, 71.73, 165.3977, 0.4888, 74, 23.72
9:47:53 AM, 71.54, 165.5974, 0.4985, 78, 23.13
9:47:54 AM, 71.54, 165.3977, 0.4790, 74, 23.33
9:47:55 AM, 71.54, 165.5974, 0.4985, 74, 23.13
9:47:56 AM, 71.54, 165.3977, 0.5034, 74, 22.94
9:47:57 AM, 71.54, 165.5974, 0.5083, 74, 23.13
9:47:58 AM, 71.34, 164.7984, 0.5083, 74, 23.91
9:47:59 AM, 71.34, 165.1979, 0.5230, 74, 23.52
9:48:00 AM, 71.34, 165.1979, 0.5132, 74, 22.36
9:48:01 AM, 71.54, 166.1967, 0.4936, 74, 22.94
9:48:02 AM, 71.54, 165.5974, 0.4643, 74, 23.33
9:48:03 AM, 71.34, 165.5974, 0.5132, 74, 24.30
9:48:04 AM, 71.34, 165.5974, 0.4888, 74, 23.52
9:48:05 AM, 71.34, 165.7972, 0.5279, 74, 23.13
9:48:06 AM, 71.34, 165.5974, 0.5230, 74, 23.33
9:48:07 AM, 71.15, 165.3977, 0.5230, 74, 22.36
9:48:08 AM, 70.96, 164.9981, 0.5279, 78, 23.33
9:48:09 AM, 71.15, 164.3989, 0.5572, 74, 23.33
9:48:10 AM, 71.34, 164.7984, 0.5425, 74, 22.94
9:48:11 AM, 71.54, 165.1979, 0.4936, 74, 22.74
9:48:12 AM, 71.54, 165.5974, 0.5132, 74, 23.33
9:48:13 AM, 71.54, 165.5974, 0.4936, 74, 23.33
9:48:14 AM, 71.34, 165.7972, 0.5132, 74, 23.13
9:48:15 AM, 71.34, 165.3977, 0.4888, 74, 23.13
9:48:16 AM, 71.34, 165.1979, 0.5083, 74, 23.13
9:48:17 AM, 71.34, 165.5974, 0.5132, 74, 23.33
9:48:18 AM, 71.34, 165.1979, 0.5132, 74, 22.16
9:48:19 AM, 71.15, 165.3977, 0.5132, 74, 21.58
9:48:20 AM, 70.76, 164.5986, 0.5425, 78, 22.94
9:48:21 AM, 71.15, 164.3989, 0.5523, 74, 22.74
9:48:22 AM, 71.34, 164.9981, 0.5181, 74, 23.52
9:48:23 AM, 71.34, 165.3977, 0.5034, 74, 23.33
9:48:24 AM, 71.54, 165.1979, 0.5181, 74, 23.52
9:48:25 AM, 71.54, 165.1979, 0.4643, 78, 23.52
9:48:26 AM, 71.54, 165.5974, 0.5034, 78, 23.33
9:48:27 AM, 71.54, 165.1979, 0.5083, 74, 22.74
9:48:28 AM, 71.54, 165.5974, 0.5034, 74, 23.13
9:48:29 AM, 71.34, 165.3977, 0.5034, 74, 23.13
9:48:30 AM, 71.54, 165.3977, 0.5230, 78, 22.94
9:48:31 AM, 71.54, 165.3977, 0.5083, 74, 23.33
9:48:32 AM, 71.73, 165.3977, 0.4839, 74, 23.33
9:48:33 AM, 71.73, 165.5974, 0.4936, 74, 23.52
9:48:34 AM, 71.93, 165.5974, 0.4936, 74, 23.13
9:48:35 AM, 71.93, 165.9969, 0.4790, 74, 23.13
9:48:36 AM, 71.54, 165.9969, 0.4643, 74, 34.80
9:48:37 AM, 71.73, 165.5974, 0.4985, 74, 23.33
9:48:38 AM, 71.73, 165.1979, 0.5083, 74, 23.13
9:48:39 AM, 71.73, 165.7972, 0.5034, 74, 22.74
9:48:40 AM, 71.73, 165.3977, 0.4839, 74, 22.94
9:48:41 AM, 71.73, 164.9981, 0.4643, 74, 30.52
9:48:42 AM, 71.54, 165.7972, 0.5083, 74, 23.33
9:48:43 AM, 71.54, 165.5974, 0.5083, 74, 23.33
9:48:44 AM, 71.54, 166.9957, 0.5034, 78, 21.97
9:48:45 AM, 71.73, 165.3977, 0.5083, 74, 22.55
9:48:46 AM, 71.73, 164.9981, 0.4643, 74, 22.94
9:48:47 AM, 71.73, 165.5974, 0.5572, 74, 23.13
9:48:48 AM, 71.54, 165.3977, 0.4936, 74, 23.33
9:48:49 AM, 71.34, 165.1979, 0.5083, 74, 22.74
9:48:50 AM, 71.15, 165.1979, 0.4985, 74, 23.33
9:48:51 AM, 71.34, 164.9981, 0.5425, 74, 22.74
9:48:52 AM, 71.15, 165.1979, 0.4936, 74, 22.74
9:48:53 AM, 71.15, 164.9981, 0.5132, 78, 23.13
9:48:54 AM, 71.34, 165.1979, 0.5376, 74, 22.55
9:48:55 AM, 71.34, 165.3977, 0.5132, 74, 22.36
9:48:56 AM, 71.34, 165.1979, 0.4888, 74, 23.13
9:48:57 AM, 71.34, 165.1979, 0.5132, 74, 23.13
9:48:58 AM, 71.15, 165.3977, 0.5327, 78, 23.13
9:48:59 AM, 70.96, 164.9981, 0.5425, 74, 22.94
9:49:00 AM, 70.96, 164.9981, 0.5523, 74, 26.63
9:49:01 AM, 71.15, 164.7984, 0.5425, 74, 23.33
9:49:02 AM, 71.34, 166.1967, 0.5327, 74, 24.11
9:49:03 AM, 71.34, 165.3977, 0.5181, 78, 23.33
9:49:04 AM, 71.54, 165.3977, 0.5230, 74, 22.74
9:49:05 AM, 71.54, 165.5974, 0.5034, 74, 23.52
9:49:06 AM, 71.54, 167.5950, 0.4790, 74, 22.94
9:49:07 AM, 71.73, 164.7984, 0.4643, 74, 23.33
9:49:08 AM, 71.73, 165.5974, 0.4790, 74, 23.33
9:49:09 AM, 71.73, 165.7972, 0.5034, 74, 23.33
9:49:10 AM, 71.73, 164.1991, 0.5034, 74, 22.74
9:49:11 AM, 71.54, 165.5974, 0.4985, 74, 22.94
9:49:12 AM, 71.34, 165.5974, 0.5132, 74, 22.74
9:49:13 AM, 71.54, 165.3977, 0.4936, 74, 23.13
9:49:14 AM, 71.54, 165.7972, 0.4936, 74, 23.33
9:49:15 AM, 71.54, 165.1979, 0.4643, 78, 23.33
9:49:16 AM, 71.34, 165.5974, 0.4741, 74, 28.97
9:49:17 AM, 71.34, 165.5974, 0.5083, 74, 23.33
9:49:18 AM, 71.34, 165.3977, 0.5083, 74, 23.33
9:49:19 AM, 70.96, 165.3977, 0.5474, 74, 22.94
9:49:20 AM, 70.96, 164.9981, 0.5621, 78, 23.13
9:49:21 AM, 71.15, 164.7984, 0.5474, 74, 22.36
9:49:22 AM, 71.34, 165.1979, 0.5425, 74, 22.94
9:49:23 AM, 71.34, 165.3977, 0.5181, 74, 22.94
9:49:24 AM, 71.54, 165.5974, 0.5132, 74, 23.52
9:49:25 AM, 71.34, 165.5974, 0.4936, 74, 23.72
9:49:26 AM, 71.34, 164.5986, 0.5327, 74, 23.13
9:49:27 AM, 71.54, 165.3977, 0.5132, 74, 21.97
9:49:28 AM, 71.54, 165.5974, 0.5132, 74, 22.94
9:49:29 AM, 71.54, 165.5974, 0.5034, 78, 24.11
9:49:30 AM, 71.54, 165.7972, 0.5083, 74, 25.86
9:49:31 AM, 71.54, 165.7972, 0.5034, 74, 26.05
9:49:32 AM, 71.34, 165.5974, 0.5132, 74, 23.13
9:49:33 AM, 71.34, 164.7984, 0.4888, 74, 23.33
9:49:34 AM, 71.54, 165.3977, 0.5230, 74, 23.33
9:49:35 AM, 71.34, 165.5974, 0.4790, 74, 22.36
9:49:36 AM, 71.34, 165.5974, 0.5181, 74, 23.52
9:49:37 AM, 71.54, 165.3977, 0.4839, 78, 23.52
9:49:38 AM, 71.34, 165.3977, 0.4936, 78, 23.33
9:49:39 AM, 71.34, 165.1979, 0.4497, 74, 22.94
9:49:40 AM, 71.15, 165.3977, 0.5181, 74, 22.55
9:49:41 AM, 71.15, 165.5974, 0.5083, 74, 23.13
9:49:42 AM, 71.34, 164.3989, 0.5474, 74, 23.13
9:49:43 AM, 71.34, 166.3964, 0.5083, 74, 23.13
9:49:44 AM, 71.34, 165.3977, 0.5327, 74, 23.33
9:49:45 AM, 71.54, 164.7984, 0.5083, 74, 22.36
9:49:46 AM, 71.54, 165.5974, 0.5132, 74, 23.13
9:49:47 AM, 71.54, 165.3977, 0.5083, 74, 22.94
9:49:48 AM, 71.93, 165.5974, 0.4936, 74, 22.94
9:49:49 AM, 71.93, 165.9969, 0.4741, 74, 22.16
9:49:50 AM, 71.54, 165.7972, 0.4692, 74, 22.74
9:49:51 AM, 71.73, 165.1979, 0.5083, 74, 23.13
9:49:52 AM, 71.73, 165.7972, 0.5034, 74, 22.74
9:49:53 AM, 71.73, 165.5974, 0.5034, 74, 23.52
9:49:54 AM, 71.73, 165.5974, 0.5034, 74, 23.13
9:49:55 AM, 71.54, 165.5974, 0.4985, 74, 23.13
9:49:56 AM, 71.54, 165.5974, 0.5132, 74, 22.74
9:49:57 AM, 71.73, 166.1967, 0.4790, 74, 23.91
9:49:58 AM, 71.73, 165.7972, 0.5034, 74, 22.74
9:49:59 AM, 71.73, 165.5974, 0.4985, 78, 23.72
9:50:00 AM, 71.54, 165.5974, 0.4936, 74, 22.94
9:50:01 AM, 71.54, 165.3977, 0.5083, 74, 22.94
9:50:02 AM, 71.73, 165.1979, 0.5083, 74, 23.72
9:50:03 AM, 71.73, 165.7972, 0.5034, 74, 23.13
9:50:04 AM, 71.73, 165.5974, 0.5034, 74, 23.33
9:50:05 AM, 71.73, 165.7972, 0.4985, 74, 23.13
9:50:06 AM, 71.54, 166.1967, 0.4790, 74, 23.52
9:50:07 AM, 71.54, 165.3977, 0.5034, 74, 22.74
9:50:08 AM, 71.54, 165.3977, 0.5034, 74, 23.33
9:50:09 AM, 71.54, 165.3977, 0.5523, 78, 23.52
9:50:10 AM, 71.34, 165.5974, 0.5670, 74, 23.13
9:50:11 AM, 71.54, 165.3977, 0.5132, 74, 22.74
9:50:12 AM, 71.34, 165.3977, 0.4985, 74, 23.13
9:50:13 AM, 71.54, 165.3977, 0.5132, 74, 22.94
9:50:14 AM, 71.54, 165.5974, 0.5132, 74, 22.74
9:50:15 AM, 71.54, 165.3977, 0.5132, 78, 23.72
9:50:16 AM, 71.54, 165.3977, 0.5132, 74, 22.74
9:50:17 AM, 71.54, 165.3977, 0.5083, 74, 23.72
9:50:18 AM, 71.34, 165.5974, 0.4985, 74, 23.52
