Time, Heater Temp[C], Heater Voltage[V], Sense Voltage[V], Fan Speed[%], Ambient Temp[C]
12:22:09 PM, 141.52, 151.8143, 1.2512, 82, 22.74
12:22:10 PM, 141.52, 151.8143, 1.2268, 82, 22.94
12:22:11 PM, 141.52, 151.8143, 1.2512, 82, 22.16
12:22:12 PM, 141.52, 151.8143, 1.2170, 82, 22.36
12:22:13 PM, 141.52, 151.6145, 1.2414, 86, 22.94
12:22:14 PM, 141.72, 151.8143, 1.2512, 86, 23.13
12:22:15 PM, 141.52, 152.0140, 1.2268, 82, 22.74
12:22:16 PM, 141.52, 151.8143, 1.2414, 82, 22.16
12:22:17 PM, 141.33, 151.8143, 1.2317, 82, 23.13
12:22:18 PM, 141.52, 151.4148, 1.2610, 82, 22.94
12:22:19 PM, 141.52, 151.8143, 1.2366, 82, 22.94
12:22:20 PM, 141.33, 151.2150, 1.2610, 82, 22.36
12:22:21 PM, 141.13, 151.8143, 1.2463, 82, 22.74
12:22:22 PM, 140.94, 151.8143, 1.2610, 82, 22.74
12:22:23 PM, 141.33, 151.2150, 1.2708, 82, 22.55
12:22:24 PM, 141.52, 151.6145, 1.2512, 82, 22.36
12:22:25 PM, 141.52, 151.8143, 1.2366, 82, 22.55
12:22:26 PM, 141.33, 151.6145, 1.2561, 82, 22.16
12:22:27 PM, 141.33, 151.6145, 1.2512, 82, 23.33
12:22:28 PM, 141.33, 151.8143, 1.2610, 82, 22.94
12:22:29 PM, 141.13, 151.6145, 1.2659, 82, 22.55
12:22:30 PM, 141.33, 151.6145, 1.2561, 86, 22.94
12:22:31 PM, 141.33, 151.6145, 1.2561, 86, 22.94
12:22:32 PM, 141.13, 151.8143, 1.2414, 86, 22.55
12:22:33 PM, 140.94, 151.4148, 1.2854, 86, 22.16
12:22:34 PM, 141.13, 151.4148, 1.2805, 82, 23.52
12:22:35 PM, 141.13, 151.4148, 1.2708, 82, 22.16
12:22:36 PM, 141.33, 153.0128, 1.2757, 86, 23.72
12:22:37 PM, 141.52, 151.2150, 1.2610, 82, 22.94
12:22:38 PM, 141.52, 151.6145, 1.2561, 86, 23.33
12:22:39 PM, 141.52, 151.8143, 1.2561, 82, 22.74
12:22:40 PM, 141.52, 151.8143, 1.2463, 82, 22.74
12:22:41 PM, 141.52, 151.6145, 1.2512, 86, 22.94
12:22:42 PM, 141.52, 151.0152, 1.2512, 82, 22.94
12:22:43 PM, 141.52, 151.6145, 1.2414, 82, 23.33
12:22:44 PM, 141.52, 151.6145, 1.2317, 82, 22.94
12:22:45 PM, 141.33, 151.6145, 1.2512, 82, 22.94
12:22:46 PM, 141.33, 151.6145, 1.2463, 82, 23.33
12:22:47 PM, 141.33, 151.4148, 1.2317, 86, 21.97
12:22:48 PM, 141.52, 151.6145, 1.2268, 82, 22.16
12:22:49 PM, 141.52, 151.6145, 1.2512, 82, 22.94
12:22:50 PM, 141.52, 151.8143, 1.2414, 86, 22.94
12:22:51 PM, 141.52, 151.8143, 1.2512, 82, 22.74
12:22:52 PM, 141.52, 151.4148, 1.2512, 82, 22.94
12:22:53 PM, 141.33, 151.6145, 1.2072, 86, 23.33
12:22:54 PM, 141.13, 151.6145, 1.2610, 82, 22.74
12:22:55 PM, 141.13, 151.8143, 1.2610, 82, 22.55
12:22:56 PM, 141.13, 151.0152, 1.2708, 86, 22.94
12:22:57 PM, 141.33, 150.8155, 1.2757, 82, 23.13
12:22:58 PM, 141.33, 151.4148, 1.2317, 82, 22.94
12:22:59 PM, 141.33, 151.6145, 1.2317, 82, 22.94
12:23:00 PM, 140.94, 151.2150, 1.2414, 86, 22.74
12:23:01 PM, 141.13, 151.0152, 1.2854, 82, 22.94
12:23:02 PM, 141.13, 151.4148, 1.2708, 82, 22.55
12:23:03 PM, 141.33, 151.2150, 1.2561, 86, 22.36
12:23:04 PM, 141.33, 151.4148, 1.2561, 82, 22.94
12:23:05 PM, 141.33, 151.6145, 1.2610, 82, 22.55
12:23:06 PM, 141.33, 151.6145, 1.2317, 86, 22.16
12:23:07 PM, 141.13, 150.8155, 1.2659, 82, 22.74
12:23:08 PM, 141.33, 151.0152, 1.2708, 86, 22.55
12:23:09 PM, 141.33, 151.4148, 1.2610, 82, 22.55
12:23:10 PM, 141.33, 151.6145, 1.2366, 82, 22.94
12:23:11 PM, 141.33, 151.0152, 1.2317, 82, 22.55
12:23:12 PM, 141.33, 151.4148, 1.2317, 82, 22.36
12:23:13 PM, 141.33, 151.4148, 1.2317, 86, 22.94
12:23:14 PM, 141.13, 151.8143, 1.2512, 86, 21.77
12:23:15 PM, 141.13, 151.0152, 1.2757, 82, 22.74
12:23:16 PM, 141.13, 151.2150, 1.2708, 82, 22.55
12:23:17 PM, 141.33, 151.8143, 1.2708, 86, 22.16
12:23:18 PM, 141.33, 151.6145, 1.2512, 82, 22.55
12:23:19 PM, 141.13, 151.6145, 1.2561, 82, 22.55
12:23:20 PM, 141.13, 151.0152, 1.2610, 86, 22.55
12:23:21 PM, 141.13, 153.8118, 1.2708, 86, 22.74
12:23:22 PM, 141.13, 151.2150, 1.2903, 82, 21.58
12:23:23 PM, 140.94, 151.0152, 1.2757, 82, 22.36
12:23:24 PM, 140.94, 151.4148, 1.2903, 82, 22.16
12:23:25 PM, 140.94, 151.0152, 1.3001, 82, 22.55
12:23:26 PM, 141.13, 151.0152, 1.3001, 82, 22.55
12:23:27 PM, 141.33, 151.0152, 1.2805, 82, 23.13
12:23:28 PM, 141.33, 151.6145, 1.2512, 86, 21.58
12:23:29 PM, 140.94, 151.0152, 1.2757, 82, 21.97
12:23:30 PM, 140.75, 151.0152, 1.2805, 82, 22.94
12:23:31 PM, 141.13, 150.6157, 1.3099, 86, 22.94
12:23:32 PM, 141.13, 152.0140, 1.2805, 86, 26.83
12:23:33 PM, 141.33, 151.2150, 1.2805, 82, 22.55
12:23:34 PM, 141.33, 151.0152, 1.2610, 82, 22.94
12:23:35 PM, 141.13, 151.4148, 1.2610, 82, 22.94
12:23:36 PM, 140.94, 151.0152, 1.2805, 82, 22.55
12:23:37 PM, 140.94, 150.8155, 1.3099, 86, 22.55
12:23:38 PM, 141.13, 151.2150, 1.2610, 86, 22.74
12:23:39 PM, 141.33, 151.4148, 1.2512, 86, 22.94
12:23:40 PM, 141.33, 151.6145, 1.2561, 82, 22.36
12:23:41 PM, 141.33, 151.6145, 1.2317, 82, 22.94
12:23:42 PM, 141.13, 151.4148, 1.2659, 82, 22.16
12:23:43 PM, 141.13, 151.4148, 1.2805, 82, 22.74
12:23:44 PM, 141.33, 151.4148, 1.2659, 82, 23.33
12:23:45 PM, 141.33, 151.4148, 1.2610, 82, 23.13
12:23:46 PM, 141.33, 151.6145, 1.2414, 82, 22.94
12:23:47 PM, 141.13, 151.4148, 1.2512, 82, 22.16
12:23:48 PM, 140.94, 151.0152, 1.2561, 82, 22.36
12:23:49 PM, 141.13, 151.0152, 1.2659, 86, 22.36
12:23:50 PM, 141.33, 151.0152, 1.2512, 86, 22.36
12:23:51 PM, 141.33, 151.2150, 1.2610, 82, 21.58
12:23:52 PM, 141.33, 151.4148, 1.2561, 82, 22.94
12:23:53 PM, 141.13, 151.4148, 1.2366, 86, 23.33
12:23:54 PM, 141.13, 150.8155, 1.2610, 82, 22.55
12:23:55 PM, 141.13, 151.2150, 1.2805, 82, 22.94
12:23:56 PM, 141.33, 151.0152, 1.2854, 82, 22.36
12:23:57 PM, 141.33, 151.6145, 1.2610, 82, 22.94
12:23:58 PM, 141.33, 151.6145, 1.3196, 82, 21.58
12:23:59 PM, 140.94, 151.0152, 1.2805, 82, 22.55
12:24:00 PM, 140.75, 151.0152, 1.2903, 82, 21.38
12:24:01 PM, 140.94, 150.6157, 1.3099, 86, 23.13
12:24:02 PM, 141.13, 151.0152, 1.2903, 82, 22.74
12:24:03 PM, 141.33, 150.6157, 1.2903, 82, 22.94
12:24:04 PM, 141.33, 151.8143, 1.2610, 86, 21.97
12:24:05 PM, 141.13, 151.4148, 1.2610, 82, 22.74
12:24:06 PM, 140.75, 150.6157, 1.3196, 82, 22.94
12:24:07 PM, 140.94, 150.6157, 1.3148, 82, 22.74
12:24:08 PM, 140.75, 151.0152, 1.2708, 82, 22.74
12:24:09 PM, 140.94, 150.6157, 1.3050, 82, 22.55
12:24:10 PM, 141.13, 150.6157, 1.3001, 86, 22.55
12:24:11 PM, 141.33, 151.0152, 1.2659, 82, 22.55
12:24:12 PM, 141.13, 151.4148, 1.2463, 82, 22.36
12:24:13 PM, 140.94, 151.0152, 1.2512, 82, 22.74
12:24:14 PM, 140.75, 150.4160, 1.3001, 82, 22.55
12:24:15 PM, 140.94, 150.6157, 1.2659, 86, 22.94
12:24:16 PM, 141.13, 151.0152, 1.2610, 82, 23.13
12:24:17 PM, 141.33, 150.6157, 1.2659, 86, 22.55
12:24:18 PM, 141.52, 151.4148, 1.2610, 82, 22.55
12:24:19 PM, 141.33, 151.4148, 1.2219, 82, 21.77
12:24:20 PM, 141.13, 151.6145, 1.2512, 82, 22.94
12:24:21 PM, 141.13, 151.0152, 1.2610, 82, 23.72
12:24:22 PM, 141.13, 151.2150, 1.2414, 86, 22.74
12:24:23 PM, 141.13, 150.6157, 1.2561, 82, 22.55
12:24:24 PM, 140.94, 151.2150, 1.2659, 82, 22.74
12:24:25 PM, 140.75, 151.2150, 1.2854, 82, 22.55
12:24:26 PM, 140.94, 150.0165, 1.3196, 86, 22.94
12:24:27 PM, 141.13, 151.0152, 1.2952, 82, 22.94
12:24:28 PM, 141.33, 151.2150, 1.2463, 86, 21.38
12:24:29 PM, 141.13, 151.4148, 1.2414, 82, 22.16
12:24:30 PM, 140.94, 150.6157, 1.2708, 82, 23.13
12:24:31 PM, 141.13, 151.0152, 1.2854, 86, 22.94
12:24:32 PM, 141.13, 153.6121, 1.2708, 82, 22.36
12:24:33 PM, 141.33, 151.8143, 1.2805, 82, 22.94
12:24:34 PM, 141.33, 151.6145, 1.2366, 86, 23.13
12:24:35 PM, 141.13, 150.8155, 1.2561, 82, 22.55
12:24:36 PM, 141.13, 151.0152, 1.2561, 86, 22.55
12:24:37 PM, 141.33, 150.6157, 1.2512, 82, 22.94
12:24:38 PM, 141.33, 151.2150, 1.2512, 82, 22.16
12:24:39 PM, 141.13, 151.4148, 1.2414, 86, 21.77
12:24:40 PM, 140.94, 151.2150, 1.2512, 82, 22.55
12:24:41 PM, 141.13, 153.4123, 1.2561, 82, 22.94
12:24:42 PM, 141.33, 151.0152, 1.2708, 82, 22.36
12:24:43 PM, 141.33, 151.4148, 1.2659, 82, 22.16
12:24:44 PM, 141.13, 151.2150, 1.2463, 82, 22.36
12:24:45 PM, 140.94, 151.0152, 1.2854, 86, 22.94
12:24:46 PM, 140.75, 150.6157, 1.2708, 82, 22.94
12:24:47 PM, 140.94, 150.6157, 1.3148, 82, 22.94
12:24:48 PM, 141.13, 150.8155, 1.2805, 86, 22.16
12:24:49 PM, 141.33, 151.2150, 1.2659, 82, 22.94
12:24:50 PM, 141.33, 151.4148, 1.2610, 82, 21.58
12:24:51 PM, 140.75, 151.4148, 1.2708, 82, 22.55
12:24:52 PM, 140.75, 150.6157, 1.2708, 82, 22.36
12:24:53 PM, 140.75, 150.6157, 1.3196, 82, 22.55
12:24:54 PM, 140.94, 150.6157, 1.3196, 86, 22.74
12:24:55 PM, 141.13, 150.8155, 1.2659, 82, 22.74
12:24:56 PM, 141.33, 151.0152, 1.2708, 82, 23.13
12:24:57 PM, 141.33, 153.6121, 1.2414, 82, 22.55
12:24:58 PM, 140.94, 150.6157, 1.2805, 82, 22.55
12:24:59 PM, 140.75, 150.2162, 1.2757, 82, 22.16
12:25:00 PM, 140.94, 150.6157, 1.3001, 86, 22.55
12:25:01 PM, 141.13, 150.8155, 1.2757, 82, 22.55
12:25:02 PM, 141.33, 151.0152, 1.2610, 82, 23.33
12:25:03 PM, 141.33, 151.4148, 1.2121, 82, 22.94
12:25:04 PM, 141.52, 151.4148, 1.2512, 86, 22.94
12:25:05 PM, 141.13, 151.4148, 1.2512, 82, 22.36
12:25:06 PM, 141.13, 151.2150, 1.2708, 86, 21.97
12:25:07 PM, 141.33, 151.0152, 1.2903, 82, 22.55
12:25:08 PM, 141.33, 151.2150, 1.2610, 82, 22.55
12:25:09 PM, 141.13, 151.4148, 1.2414, 86, 22.74
12:25:10 PM, 140.94, 151.0152, 1.2708, 82, 22.55
12:25:11 PM, 140.75, 150.8155, 1.2952, 82, 22.55
12:25:12 PM, 140.94, 150.8155, 1.3099, 86, 23.52
12:25:13 PM, 141.33, 151.0152, 1.2708, 82, 21.97
12:25:14 PM, 141.33, 151.8143, 1.2512, 86, 22.55
12:25:15 PM, 141.13, 151.4148, 1.2512, 82, 22.36
12:25:16 PM, 140.94, 151.0152, 1.2805, 82, 23.13
12:25:17 PM, 141.13, 150.8155, 1.3001, 86, 23.13
12:25:18 PM, 141.33, 151.0152, 1.2805, 82, 23.33
12:25:19 PM, 141.33, 151.2150, 1.2512, 82, 22.16
12:25:20 PM, 141.13, 151.4148, 1.2512, 82, 23.13
12:25:21 PM, 140.94, 151.0152, 1.2757, 82, 22.55
12:25:22 PM, 141.13, 151.0152, 1.2659, 86, 23.13
12:25:23 PM, 141.13, 151.0152, 1.2805, 82, 22.74
12:25:24 PM, 141.33, 151.0152, 1.2610, 82, 23.13
12:25:25 PM, 141.33, 151.4148, 1.2659, 86, 22.94
12:25:26 PM, 141.13, 151.4148, 1.2610, 86, 23.33
12:25:27 PM, 140.94, 151.4148, 1.2854, 82, 22.94
12:25:28 PM, 141.13, 150.8155, 1.2708, 86, 23.33
12:25:29 PM, 141.13, 152.2138, 1.3294, 82, 22.94
12:25:30 PM, 140.75, 151.0152, 1.2659, 82, 22.55
12:25:31 PM, 140.75, 150.6157, 1.2854, 86, 22.94
12:25:32 PM, 140.75, 150.4160, 1.3099, 82, 23.13
12:25:33 PM, 140.94, 150.4160, 1.2854, 82, 22.55
12:25:34 PM, 141.13, 151.0152, 1.2952, 86, 22.94
12:25:35 PM, 141.33, 151.4148, 1.2268, 82, 22.55
12:25:36 PM, 141.33, 151.4148, 1.2610, 86, 22.16
12:25:37 PM, 141.13, 151.4148, 1.2512, 82, 22.94
12:25:38 PM, 141.13, 151.2150, 1.2805, 82, 22.36
12:25:39 PM, 141.13, 151.2150, 1.2512, 86, 22.74
12:25:40 PM, 141.33, 151.0152, 1.2708, 82, 22.94
12:25:41 PM, 141.33, 150.8155, 1.2366, 82, 22.74
12:25:42 PM, 141.13, 151.4148, 1.2268, 82, 22.36
12:25:43 PM, 140.94, 151.2150, 1.2757, 82, 22.74
12:25:44 PM, 141.13, 150.8155, 1.2903, 86, 22.74
12:25:45 PM, 141.33, 151.2150, 1.2854, 82, 22.94
12:25:46 PM, 141.33, 151.8143, 1.2512, 82, 22.55
12:25:47 PM, 141.13, 151.2150, 1.2317, 82, 22.74
12:25:48 PM, 140.94, 151.0152, 1.2805, 86, 23.33
12:25:49 PM, 141.13, 151.0152, 1.2903, 86, 22.55
12:25:50 PM, 141.33, 151.4148, 1.2512, 82, 22.36
12:25:51 PM, 141.13, 151.4148, 1.2512, 82, 22.94
12:25:52 PM, 140.94, 151.0152, 1.2561, 86, 24.30
12:25:53 PM, 140.75, 150.8155, 1.2757, 82, 22.94
12:25:54 PM, 140.94, 150.6157, 1.3196, 82, 23.13
12:25:55 PM, 141.13, 150.8155, 1.2903, 82, 22.36
12:25:56 PM, 141.33, 151.0152, 1.2757, 86, 22.16
12:25:57 PM, 141.33, 151.4148, 1.2366, 82, 22.74
12:25:58 PM, 141.13, 151.4148, 1.2561, 86, 23.13
12:25:59 PM, 140.94, 150.6157, 1.2708, 82, 22.94
12:26:00 PM, 140.94, 151.2150, 1.2805, 82, 22.74
12:26:01 PM, 141.13, 150.8155, 1.2366, 86, 21.58
12:26:02 PM, 141.33, 150.6157, 1.2610, 82, 22.94
12:26:03 PM, 141.33, 153.4123, 1.2561, 82, 22.74
12:26:04 PM, 141.13, 150.8155, 1.2610, 82, 22.94
12:26:05 PM, 141.13, 150.8155, 1.3099, 82, 23.33
12:26:06 PM, 141.33, 151.0152, 1.2708, 82, 22.55
12:26:07 PM, 141.33, 151.4148, 1.2610, 82, 22.94
12:26:08 PM, 141.13, 153.6121, 1.2512, 82, 22.94
12:26:09 PM, 140.94, 151.0152, 1.2757, 82, 24.11
12:26:10 PM, 140.75, 151.0152, 1.2903, 82, 30.13
12:26:11 PM, 140.94, 150.4160, 1.3099, 82, 22.94
12:26:12 PM, 140.94, 151.4148, 1.2805, 86, 24.88
12:26:13 PM, 140.75, 150.8155, 1.2805, 82, 22.94
12:26:14 PM, 140.75, 150.2162, 1.3148, 82, 22.16
12:26:15 PM, 140.94, 150.6157, 1.3001, 86, 22.16
12:26:16 PM, 141.13, 150.8155, 1.2854, 82, 22.55
12:26:17 PM, 141.33, 151.0152, 1.3294, 82, 21.58
12:26:18 PM, 141.33, 151.2150, 1.2610, 86, 22.16
12:26:19 PM, 140.94, 151.0152, 1.2805, 82, 22.74
12:26:20 PM, 140.75, 151.0152, 1.2805, 86, 23.13
12:26:21 PM, 140.94, 151.8143, 1.3099, 82, 23.13
12:26:22 PM, 141.13, 150.8155, 1.2659, 82, 22.55
12:26:23 PM, 141.13, 151.2150, 1.2708, 86, 22.55
12:26:24 PM, 141.13, 151.0152, 1.2805, 82, 22.55
12:26:25 PM, 140.94, 151.0152, 1.2512, 82, 22.74
12:26:26 PM, 140.75, 150.6157, 1.2854, 86, 22.16
12:26:27 PM, 140.94, 150.6157, 1.3196, 82, 22.36
12:26:28 PM, 141.13, 150.8155, 1.2903, 86, 22.74
12:26:29 PM, 141.33, 151.0152, 1.2512, 82, 22.94
12:26:30 PM, 141.13, 151.2150, 1.2512, 82, 22.55
12:26:31 PM, 140.94, 150.8155, 1.2757, 86, 23.13
12:26:32 PM, 140.75, 150.8155, 1.2561, 82, 22.74
12:26:33 PM, 140.94, 150.6157, 1.3099, 82, 30.33
12:26:34 PM, 141.13, 150.8155, 1.2854, 82, 22.36
12:26:35 PM, 141.33, 150.6157, 1.2805, 82, 19.44
12:26:36 PM, 141.52, 151.4148, 1.2414, 86, 22.16
12:26:37 PM, 141.52, 151.6145, 1.2219, 82, 22.36
12:26:38 PM, 141.52, 152.0140, 1.2317, 82, 23.13
12:26:39 PM, 141.52, 151.2150, 1.2414, 86, 21.58
12:26:40 PM, 141.52, 151.4148, 1.2414, 82, 22.94
12:26:41 PM, 141.33, 151.4148, 1.2170, 82, 21.77
12:26:42 PM, 141.13, 151.4148, 1.2219, 82, 23.13
12:26:43 PM, 141.13, 153.0128, 1.2757, 82, 22.74
12:26:44 PM, 141.33, 151.0152, 1.2854, 86, 22.55
12:26:45 PM, 141.33, 151.4148, 1.2366, 82, 22.94
12:26:46 PM, 141.13, 151.8143, 1.2317, 82, 22.94
12:26:47 PM, 140.94, 151.0152, 1.2757, 86, 22.55
12:26:48 PM, 140.75, 150.6157, 1.2854, 82, 22.74
12:26:49 PM, 140.94, 150.4160, 1.3148, 86, 22.74
12:26:50 PM, 141.13, 151.0152, 1.2854, 82, 22.55
12:26:51 PM, 141.33, 151.0152, 1.2805, 82, 22.94
12:26:52 PM, 141.13, 151.4148, 1.2610, 82, 22.94
12:26:53 PM, 140.94, 151.8143, 1.2854, 86, 23.33
12:26:54 PM, 140.75, 150.8155, 1.2952, 82, 22.55
12:26:55 PM, 140.94, 150.6157, 1.2952, 82, 22.36
12:26:56 PM, 141.33, 153.4123, 1.2757, 86, 22.55
12:26:57 PM, 141.33, 151.4148, 1.2463, 82, 23.13
12:26:58 PM, 141.13, 151.4148, 1.2512, 82, 22.55
12:26:59 PM, 141.13, 151.0152, 1.2659, 86, 22.74
12:27:00 PM, 141.13, 151.0152, 1.2805, 82, 21.97
12:27:01 PM, 141.13, 151.0152, 1.2805, 82, 22.55
12:27:02 PM, 140.94, 151.0152, 1.2805, 86, 22.94
12:27:03 PM, 140.75, 150.2162, 1.2757, 82, 23.13
12:27:04 PM, 140.94, 150.2162, 1.3196, 86, 22.94
12:27:05 PM, 140.94, 150.2162, 1.2903, 82, 22.16
12:27:06 PM, 141.13, 150.8155, 1.2854, 82, 21.58
12:27:07 PM, 141.33, 150.8155, 1.2463, 86, 21.77
12:27:08 PM, 141.13, 151.8143, 1.2512, 82, 22.94
12:27:09 PM, 140.75, 151.0152, 1.2757, 82, 22.16
12:27:10 PM, 140.75, 150.6157, 1.3148, 86, 24.88
12:27:11 PM, 140.75, 150.2162, 1.2854, 82, 22.94
12:27:12 PM, 140.94, 150.2162, 1.3148, 86, 22.74
12:27:13 PM, 141.13, 150.8155, 1.2952, 82, 22.94
12:27:14 PM, 141.33, 150.8155, 1.2708, 82, 23.13
12:27:15 PM, 141.13, 151.2150, 1.2170, 82, 22.16
12:27:16 PM, 140.75, 151.0152, 1.2610, 82, 22.16
12:27:17 PM, 140.94, 150.6157, 1.2903, 86, 22.74
12:27:18 PM, 141.13, 150.8155, 1.2757, 82, 22.16
12:27:19 PM, 141.33, 151.4148, 1.2561, 86, 22.16
12:27:20 PM, 141.33, 151.2150, 1.3001, 82, 21.58
12:27:21 PM, 141.13, 151.4148, 1.2463, 82, 21.97
12:27:22 PM, 140.94, 151.2150, 1.2708, 86, 22.16
12:27:23 PM, 141.13, 150.6157, 1.2757, 82, 21.97
12:27:24 PM, 141.33, 151.0152, 1.2805, 82, 23.13
12:27:25 PM, 141.33, 151.4148, 1.2512, 86, 22.55
12:27:26 PM, 140.94, 150.6157, 1.2903, 82, 22.55
12:27:27 PM, 140.75, 150.8155, 1.2805, 86, 22.36
12:27:28 PM, 140.75, 150.4160, 1.3196, 82, 22.94
12:27:29 PM, 140.94, 150.6157, 1.3196, 86, 22.94
12:27:30 PM, 140.94, 150.8155, 1.2659, 82, 21.97
12:27:31 PM, 140.75, 150.6157, 1.3001, 82, 22.74
12:27:32 PM, 140.75, 150.6157, 1.3099, 86, 22.74
12:27:33 PM, 140.75, 150.0165, 1.3196, 82, 22.16
12:27:34 PM, 140.94, 151.2150, 1.2903, 86, 23.91
12:27:35 PM, 141.13, 151.0152, 1.3001, 82, 22.94
12:27:36 PM, 141.33, 151.0152, 1.2659, 82, 22.74
12:27:37 PM, 141.33, 151.4148, 1.2512, 86, 22.55
12:27:38 PM, 141.52, 151.4148, 1.2414, 82, 22.94
12:27:39 PM, 141.33, 151.4148, 1.2219, 82, 22.55
12:27:40 PM, 141.13, 151.4148, 1.2219, 86, 22.74
12:27:41 PM, 141.13, 151.0152, 1.2757, 82, 22.55
12:27:42 PM, 141.33, 150.6157, 1.2903, 86, 23.72
12:27:43 PM, 141.33, 151.4148, 1.2366, 82, 22.74
12:27:44 PM, 141.13, 151.2150, 1.2463, 82, 22.74
12:27:45 PM, 140.94, 151.0152, 1.2659, 86, 21.77
12:27:46 PM, 140.94, 150.8155, 1.2854, 82, 22.55
12:27:47 PM, 141.13, 150.8155, 1.2805, 82, 22.55
12:27:48 PM, 141.33, 151.4148, 1.2268, 82, 22.74
12:27:49 PM, 141.13, 151.4148, 1.2414, 86, 22.94
12:27:50 PM, 140.94, 151.0152, 1.2659, 82, 22.55
12:27:51 PM, 141.13, 150.8155, 1.2903, 82, 23.33
12:27:52 PM, 141.33, 151.0152, 1.2805, 82, 22.94
12:27:53 PM, 141.33, 151.2150, 1.2561, 82, 22.94
