Time, Heater Temp[C], Heater Voltage[V], Sense Voltage[V], Fan Speed[%], Ambient Temp[C]
10:10:09 AM, 97.78, 164.9981, 0.5621, 35, 24.30
10:10:10 AM, 97.78, 164.7984, 0.5670, 35, 23.33
10:10:11 AM, 97.39, 165.1979, 0.6158, 35, 23.13
10:10:12 AM, 97.39, 164.9981, 0.6061, 31, 23.72
10:10:13 AM, 97.20, 164.7984, 0.6012, 35, 23.72
10:10:14 AM, 97.39, 164.7984, 0.6256, 31, 23.91
10:10:15 AM, 97.59, 164.7984, 0.5963, 35, 23.72
10:10:16 AM, 97.59, 164.7984, 0.5865, 35, 22.94
10:10:17 AM, 97.39, 166.1967, 0.5865, 35, 23.33
10:10:18 AM, 97.39, 164.9981, 0.6012, 35, 23.52
10:10:19 AM, 97.39, 164.9981, 0.6012, 35, 23.33
10:10:20 AM, 97.39, 164.9981, 0.5914, 31, 23.33
10:10:21 AM, 97.39, 164.7984, 0.5963, 31, 23.52
10:10:22 AM, 97.39, 164.9981, 0.5718, 35, 23.52
10:10:23 AM, 97.59, 164.9981, 0.6012, 31, 23.52
10:10:24 AM, 97.59, 164.7984, 0.5425, 35, 23.52
10:10:25 AM, 97.78, 165.1979, 0.5914, 31, 24.11
10:10:26 AM, 97.78, 166.1967, 0.5767, 35, 23.72
10:10:27 AM, 97.78, 165.1979, 0.5572, 35, 23.91
10:10:28 AM, 97.78, 165.3977, 0.5767, 35, 23.52
10:10:29 AM, 97.59, 164.9981, 0.5670, 35, 23.72
10:10:30 AM, 97.59, 165.7972, 0.5425, 31, 22.74
10:10:31 AM, 97.78, 165.1979, 0.5816, 31, 25.86
10:10:32 AM, 97.39, 164.9981, 0.5474, 35, 34.02
10:10:33 AM, 97.39, 164.9981, 0.6012, 35, 24.30
10:10:34 AM, 97.20, 165.1979, 0.5670, 35, 23.91
10:10:35 AM, 97.39, 164.5986, 0.6256, 35, 23.52
10:10:36 AM, 97.39, 164.9981, 0.5914, 35, 23.72
10:10:37 AM, 97.20, 164.9981, 0.5816, 35, 23.33
10:10:38 AM, 97.39, 164.7984, 0.5963, 35, 23.72
10:10:39 AM, 97.20, 164.7984, 0.5963, 35, 23.72
10:10:40 AM, 97.39, 164.5986, 0.6061, 35, 23.52
10:10:41 AM, 97.39, 164.9981, 0.5963, 35, 23.91
10:10:42 AM, 97.39, 164.9981, 0.6012, 35, 23.72
10:10:43 AM, 97.20, 164.9981, 0.6012, 35, 23.13
10:10:44 AM, 97.39, 164.5986, 0.6305, 35, 23.72
10:10:45 AM, 97.39, 164.9981, 0.6012, 35, 23.52
10:10:46 AM, 97.39, 164.9981, 0.5963, 35, 24.11
10:10:47 AM, 97.39, 165.1979, 0.5816, 35, 24.30
10:10:48 AM, 97.59, 164.9981, 0.6012, 35, 24.30
10:10:49 AM, 97.39, 164.7984, 0.5865, 35, 24.88
10:10:50 AM, 97.39, 164.9981, 0.6256, 35, 24.11
10:10:51 AM, 97.39, 164.7984, 0.6061, 35, 23.72
10:10:52 AM, 97.39, 164.9981, 0.5865, 35, 24.11
10:10:53 AM, 97.59, 164.5986, 0.6061, 31, 23.33
10:10:54 AM, 97.39, 165.1979, 0.5914, 31, 23.72
10:10:55 AM, 97.59, 164.9981, 0.5963, 35, 23.33
10:10:56 AM, 97.59, 165.1979, 0.5767, 35, 23.72
10:10:57 AM, 97.59, 164.9981, 0.5914, 35, 23.52
10:10:58 AM, 97.59, 164.7984, 0.5914, 35, 22.55
10:10:59 AM, 97.39, 164.9981, 0.6061, 35, 23.72
10:11:00 AM, 97.39, 164.9981, 0.6109, 35, 23.52
10:11:01 AM, 97.39, 165.1979, 0.6061, 35, 23.13
10:11:02 AM, 97.39, 164.9981, 0.6109, 35, 23.72
10:11:03 AM, 97.39, 167.7947, 0.6061, 35, 23.91
10:11:04 AM, 97.59, 165.1979, 0.6158, 35, 23.13
10:11:05 AM, 97.39, 165.1979, 0.5914, 31, 23.33
10:11:06 AM, 97.59, 166.1967, 0.5670, 35, 23.52
10:11:07 AM, 97.78, 165.1979, 0.5816, 35, 21.58
10:11:08 AM, 97.78, 165.3977, 0.5816, 35, 23.52
10:11:09 AM, 97.78, 165.3977, 0.5718, 35, 23.72
10:11:10 AM, 97.59, 165.3977, 0.5474, 31, 24.11
10:11:11 AM, 97.78, 165.3977, 0.5767, 31, 23.33
10:11:12 AM, 97.59, 165.1979, 0.5523, 31, 23.52
10:11:13 AM, 97.78, 165.1979, 0.5718, 31, 23.91
10:11:14 AM, 97.78, 165.1979, 0.5816, 35, 23.33
10:11:15 AM, 97.98, 165.3977, 0.5816, 31, 23.52
10:11:16 AM, 97.78, 165.7972, 0.5572, 35, 23.52
10:11:17 AM, 97.78, 165.3977, 0.5767, 35, 23.72
10:11:18 AM, 97.59, 165.3977, 0.5865, 35, 22.94
10:11:19 AM, 97.59, 165.1979, 0.5914, 35, 24.11
10:11:20 AM, 97.39, 164.9981, 0.5914, 35, 23.72
10:11:21 AM, 97.39, 164.9981, 0.5914, 31, 24.11
10:11:22 AM, 97.39, 165.3977, 0.5767, 35, 23.72
10:11:23 AM, 97.39, 164.7984, 0.5963, 35, 23.33
10:11:24 AM, 97.59, 164.7984, 0.6012, 35, 23.72
10:11:25 AM, 97.39, 164.9981, 0.5914, 35, 23.33
10:11:26 AM, 97.59, 166.1967, 0.5670, 35, 24.11
10:11:27 AM, 97.39, 165.3977, 0.5670, 35, 23.72
10:11:28 AM, 97.59, 164.9981, 0.5865, 35, 22.94
10:11:29 AM, 97.78, 164.9981, 0.5865, 35, 23.72
10:11:30 AM, 97.98, 165.1979, 0.5767, 35, 22.94
10:11:31 AM, 97.98, 165.7972, 0.5425, 35, 23.91
10:11:32 AM, 98.17, 165.9969, 0.5523, 35, 23.52
10:11:33 AM, 97.78, 165.9969, 0.5474, 31, 24.49
10:11:34 AM, 97.98, 165.3977, 0.5767, 35, 24.11
10:11:35 AM, 97.78, 165.5974, 0.5523, 35, 23.33
10:11:36 AM, 97.78, 165.7972, 0.5523, 35, 23.72
10:11:37 AM, 97.78, 165.3977, 0.5767, 35, 23.33
10:11:38 AM, 97.78, 165.1979, 0.5963, 35, 24.11
10:11:39 AM, 97.59, 165.3977, 0.5572, 35, 23.72
10:11:40 AM, 97.59, 164.5986, 0.5914, 35, 23.52
10:11:41 AM, 97.39, 164.9981, 0.5914, 35, 23.13
10:11:42 AM, 97.39, 165.3977, 0.6061, 35, 23.33
10:11:43 AM, 97.59, 165.1979, 0.5425, 35, 23.52
10:11:44 AM, 97.39, 165.1979, 0.5865, 35, 23.33
10:11:45 AM, 97.59, 164.9981, 0.5963, 31, 22.94
10:11:46 AM, 97.39, 165.3977, 0.5865, 31, 23.33
10:11:47 AM, 97.59, 164.9981, 0.5767, 31, 23.52
10:11:48 AM, 97.78, 165.1979, 0.5865, 35, 23.33
10:11:49 AM, 97.98, 165.3977, 0.5523, 31, 23.13
10:11:50 AM, 97.78, 164.5986, 0.4643, 31, 23.72
10:11:51 AM, 97.78, 165.1979, 0.5718, 35, 23.13
10:11:52 AM, 97.78, 165.3977, 0.5816, 35, 23.52
10:11:53 AM, 97.98, 165.1979, 0.5718, 35, 23.33
10:11:54 AM, 98.17, 165.5974, 0.5279, 35, 23.72
10:11:55 AM, 97.98, 165.9969, 0.5230, 35, 24.11
10:11:56 AM, 97.78, 165.5974, 0.5523, 31, 26.24
10:11:57 AM, 97.98, 165.3977, 0.5621, 31, 23.52
10:11:58 AM, 97.78, 165.7972, 0.5132, 35, 23.91
10:11:59 AM, 97.98, 165.3977, 0.5816, 35, 23.13
10:12:00 AM, 97.78, 165.5974, 0.5621, 35, 24.11
10:12:01 AM, 97.98, 165.3977, 0.5621, 35, 23.72
10:12:02 AM, 97.78, 165.7972, 0.5621, 35, 23.52
10:12:03 AM, 97.98, 165.5974, 0.5816, 35, 23.72
10:12:04 AM, 97.78, 165.3977, 0.4643, 31, 23.72
10:12:05 AM, 97.98, 165.3977, 0.5865, 35, 23.72
10:12:06 AM, 97.98, 165.7972, 0.5621, 35, 23.91
10:12:07 AM, 97.59, 164.9981, 0.5474, 31, 23.91
10:12:08 AM, 97.59, 165.1979, 0.5914, 35, 23.52
10:12:09 AM, 97.59, 165.1979, 0.5914, 35, 23.52
10:12:10 AM, 97.59, 165.1979, 0.5914, 31, 24.49
10:12:11 AM, 97.39, 164.9981, 0.5718, 35, 24.11
10:12:12 AM, 97.39, 164.9981, 0.5865, 35, 23.72
10:12:13 AM, 97.39, 164.9981, 0.5914, 35, 24.11
10:12:14 AM, 97.39, 164.9981, 0.5963, 35, 23.33
10:12:15 AM, 97.59, 164.9981, 0.5865, 35, 23.72
10:12:16 AM, 97.39, 164.9981, 0.5865, 35, 23.91
10:12:17 AM, 97.39, 164.9981, 0.5865, 35, 23.52
10:12:18 AM, 97.39, 164.7984, 0.5767, 35, 23.52
10:12:19 AM, 97.59, 165.1979, 0.5621, 35, 23.72
10:12:20 AM, 97.39, 164.9981, 0.5865, 35, 23.52
10:12:21 AM, 97.59, 165.3977, 0.5718, 35, 22.74
10:12:22 AM, 97.39, 164.9981, 0.5865, 31, 24.11
10:12:23 AM, 97.59, 164.9981, 0.5718, 35, 23.52
10:12:24 AM, 97.39, 164.9981, 0.5865, 31, 23.72
10:12:25 AM, 97.59, 164.7984, 0.5963, 31, 24.11
10:12:26 AM, 97.39, 164.9981, 0.5914, 35, 23.72
10:12:27 AM, 97.39, 164.9981, 0.5425, 35, 24.11
10:12:28 AM, 97.59, 164.9981, 0.6012, 31, 23.91
10:12:29 AM, 97.39, 164.9981, 0.5865, 35, 23.52
10:12:30 AM, 97.59, 165.1979, 0.5816, 35, 24.30
10:12:31 AM, 97.59, 165.1979, 0.5865, 35, 24.11
10:12:32 AM, 97.78, 165.1979, 0.5963, 35, 23.91
10:12:33 AM, 97.78, 165.1979, 0.5718, 35, 23.91
10:12:34 AM, 97.59, 165.3977, 0.5963, 35, 23.72
10:12:35 AM, 97.39, 165.3977, 0.5963, 35, 23.72
10:12:36 AM, 97.59, 164.9981, 0.5963, 35, 23.72
10:12:37 AM, 97.39, 165.3977, 0.5914, 35, 23.13
10:12:38 AM, 97.59, 165.7972, 0.5816, 31, 23.52
10:12:39 AM, 97.39, 165.3977, 0.5767, 35, 23.72
10:12:40 AM, 97.59, 164.3989, 0.6012, 35, 23.33
10:12:41 AM, 97.39, 164.9981, 0.5865, 35, 24.11
10:12:42 AM, 97.39, 165.1979, 0.5865, 35, 22.36
10:12:43 AM, 97.59, 164.9981, 0.5914, 35, 23.72
10:12:44 AM, 97.39, 165.1979, 0.5670, 35, 23.72
10:12:45 AM, 97.39, 164.7984, 0.5865, 31, 23.91
10:12:46 AM, 97.59, 164.9981, 0.6061, 35, 23.52
10:12:47 AM, 97.59, 165.1979, 0.5523, 35, 23.52
10:12:48 AM, 97.78, 164.9981, 0.5865, 35, 23.33
10:12:49 AM, 97.78, 165.5974, 0.5670, 35, 23.72
10:12:50 AM, 97.78, 164.5986, 0.5621, 31, 23.91
10:12:51 AM, 97.59, 165.1979, 0.5865, 35, 22.74
10:12:52 AM, 97.59, 164.9981, 0.5914, 31, 23.33
10:12:53 AM, 97.59, 165.3977, 0.5914, 31, 23.13
10:12:54 AM, 97.59, 164.9981, 0.6012, 35, 23.72
10:12:55 AM, 97.59, 165.3977, 0.5670, 35, 23.72
10:12:56 AM, 97.59, 165.3977, 0.5767, 35, 23.72
10:12:57 AM, 97.78, 164.7984, 0.5914, 31, 23.52
10:12:58 AM, 97.59, 165.3977, 0.5914, 35, 23.52
10:12:59 AM, 97.78, 164.9981, 0.5963, 35, 23.52
10:13:00 AM, 97.78, 165.3977, 0.5816, 31, 23.33
10:13:01 AM, 97.59, 164.9981, 0.5523, 35, 23.52
10:13:02 AM, 97.59, 165.1979, 0.5816, 35, 23.52
10:13:03 AM, 97.59, 164.9981, 0.5865, 35, 23.52
10:13:04 AM, 97.59, 165.3977, 0.5816, 35, 23.52
10:13:05 AM, 97.78, 164.7984, 0.5865, 35, 22.55
10:13:06 AM, 97.59, 165.3977, 0.5474, 35, 24.11
10:13:07 AM, 97.59, 164.9981, 0.5914, 35, 23.52
10:13:08 AM, 97.39, 164.9981, 0.5914, 31, 23.91
10:13:09 AM, 97.59, 165.3977, 0.5963, 35, 23.33
10:13:10 AM, 97.59, 165.1979, 0.5865, 35, 25.66
10:13:11 AM, 97.78, 165.1979, 0.5523, 35, 23.52
10:13:12 AM, 97.98, 165.5974, 0.5572, 31, 23.33
10:13:13 AM, 97.98, 165.5974, 0.5670, 35, 24.11
10:13:14 AM, 97.78, 165.7972, 0.5572, 31, 22.94
10:13:15 AM, 97.78, 165.3977, 0.5865, 35, 23.72
10:13:16 AM, 97.59, 165.3977, 0.5767, 35, 24.11
10:13:17 AM, 97.59, 165.3977, 0.5914, 35, 23.52
10:13:18 AM, 97.59, 164.9981, 0.6061, 35, 23.13
10:13:19 AM, 97.78, 165.3977, 0.5816, 35, 23.33
10:13:20 AM, 97.59, 165.5974, 0.5523, 35, 23.33
10:13:21 AM, 97.59, 165.1979, 0.5670, 31, 23.52
10:13:22 AM, 97.59, 164.7984, 0.5963, 35, 23.72
10:13:23 AM, 97.78, 164.9981, 0.5670, 31, 23.52
10:13:24 AM, 97.59, 165.3977, 0.5767, 35, 23.72
10:13:25 AM, 97.59, 164.9981, 0.5914, 35, 23.72
10:13:26 AM, 97.78, 164.9981, 0.5816, 35, 23.72
10:13:27 AM, 97.59, 165.1979, 0.5816, 35, 23.72
10:13:28 AM, 97.59, 164.9981, 0.5865, 35, 27.99
10:13:29 AM, 97.39, 165.1979, 0.5718, 35, 24.11
10:13:30 AM, 97.59, 165.1979, 0.6012, 35, 23.33
10:13:31 AM, 97.59, 165.1979, 0.5865, 35, 23.33
10:13:32 AM, 97.78, 165.3977, 0.5914, 31, 23.72
10:13:33 AM, 97.78, 165.5974, 0.5425, 35, 23.91
10:13:34 AM, 97.98, 165.3977, 0.5621, 35, 23.72
10:13:35 AM, 97.78, 165.7972, 0.5376, 35, 23.91
10:13:36 AM, 97.98, 165.3977, 0.5425, 35, 23.52
10:13:37 AM, 97.78, 165.7972, 0.5523, 35, 21.58
10:13:38 AM, 97.98, 167.9945, 0.5816, 35, 23.72
10:13:39 AM, 97.78, 165.5974, 0.5474, 35, 23.52
10:13:40 AM, 97.78, 165.5974, 0.5572, 31, 24.11
10:13:41 AM, 97.98, 164.7984, 0.5425, 35, 23.52
10:13:42 AM, 97.78, 166.1967, 0.5621, 35, 23.52
10:13:43 AM, 97.98, 165.3977, 0.5816, 35, 23.72
10:13:44 AM, 97.98, 165.7972, 0.5523, 35, 23.91
10:13:45 AM, 97.78, 165.5974, 0.5425, 35, 23.91
10:13:46 AM, 97.59, 165.3977, 0.5816, 35, 23.91
10:13:47 AM, 97.78, 164.7984, 0.5865, 35, 23.33
10:13:48 AM, 97.59, 165.1979, 0.5865, 35, 23.72
10:13:49 AM, 97.39, 164.7984, 0.5865, 35, 22.94
10:13:50 AM, 97.59, 164.9981, 0.5865, 35, 23.72
10:13:51 AM, 97.78, 165.3977, 0.5865, 31, 23.33
10:13:52 AM, 97.59, 165.1979, 0.5572, 31, 23.91
10:13:53 AM, 97.59, 164.7984, 0.5865, 31, 22.74
10:13:54 AM, 97.59, 165.1979, 0.5865, 31, 24.11
10:13:55 AM, 97.59, 165.3977, 0.5816, 35, 23.13
10:13:56 AM, 97.78, 165.1979, 0.6061, 35, 23.13
10:13:57 AM, 97.59, 165.3977, 0.5816, 35, 23.72
10:13:58 AM, 97.78, 164.9981, 0.5718, 35, 23.91
10:13:59 AM, 97.59, 165.3977, 0.5865, 31, 23.72
10:14:00 AM, 97.78, 165.1979, 0.5865, 35, 23.52
10:14:01 AM, 97.78, 165.3977, 0.5718, 31, 23.91
10:14:02 AM, 97.59, 165.1979, 0.5914, 35, 23.72
10:14:03 AM, 97.59, 164.9981, 0.5816, 35, 23.91
10:14:04 AM, 97.78, 165.3977, 0.5914, 35, 23.72
10:14:05 AM, 97.59, 165.3977, 0.5474, 35, 23.91
10:14:06 AM, 97.78, 164.5986, 0.5914, 35, 24.11
10:14:07 AM, 97.78, 165.3977, 0.5767, 35, 23.72
10:14:08 AM, 97.98, 165.3977, 0.5670, 35, 23.52
10:14:09 AM, 97.98, 165.7972, 0.5327, 31, 23.91
10:14:10 AM, 97.78, 165.7972, 0.5523, 31, 23.13
10:14:11 AM, 97.78, 164.9981, 0.5718, 35, 23.91
10:14:12 AM, 97.59, 165.3977, 0.5816, 35, 23.33
10:14:13 AM, 97.59, 165.3977, 0.5718, 35, 23.72
10:14:14 AM, 97.59, 164.7984, 0.5963, 35, 23.72
10:14:15 AM, 97.59, 165.1979, 0.6012, 35, 23.91
10:14:16 AM, 97.59, 165.1979, 0.5963, 35, 22.55
10:14:17 AM, 97.59, 164.9981, 0.5963, 35, 23.91
10:14:18 AM, 97.78, 165.3977, 0.5865, 35, 23.91
10:14:19 AM, 97.59, 165.5974, 0.5767, 35, 22.55
10:14:20 AM, 97.59, 164.7984, 0.5963, 35, 23.33
10:14:21 AM, 97.78, 165.3977, 0.5914, 31, 23.91
10:14:22 AM, 97.78, 165.3977, 0.5816, 35, 23.33
10:14:23 AM, 97.78, 164.7984, 0.5621, 31, 23.52
10:14:24 AM, 97.59, 165.1979, 0.5963, 31, 23.91
10:14:25 AM, 97.78, 165.1979, 0.5767, 35, 23.33
10:14:26 AM, 97.59, 165.3977, 0.5572, 31, 23.72
10:14:27 AM, 97.78, 165.3977, 0.5718, 35, 23.52
10:14:28 AM, 97.59, 165.3977, 0.5816, 31, 23.72
10:14:29 AM, 97.59, 165.1979, 0.5914, 35, 23.33
10:14:30 AM, 97.59, 165.3977, 0.5865, 31, 23.33
10:14:31 AM, 97.59, 165.5974, 0.5670, 35, 23.33
10:14:32 AM, 97.78, 165.1979, 0.5767, 31, 23.33
10:14:33 AM, 97.59, 165.3977, 0.5816, 35, 23.33
10:14:34 AM, 97.59, 165.3977, 0.5670, 31, 23.72
10:14:35 AM, 97.59, 165.3977, 0.5914, 31, 23.33
10:14:36 AM, 97.78, 165.3977, 0.5963, 31, 23.52
10:14:37 AM, 97.59, 168.5937, 0.5816, 31, 23.72
10:14:38 AM, 97.59, 165.3977, 0.5963, 35, 23.33
10:14:39 AM, 97.78, 164.9981, 0.5963, 35, 23.72
10:14:40 AM, 97.98, 165.3977, 0.6012, 35, 23.33
10:14:41 AM, 97.78, 165.3977, 0.5572, 35, 23.91
10:14:42 AM, 97.98, 165.3977, 0.5767, 35, 23.33
10:14:43 AM, 97.78, 165.9969, 0.5279, 35, 24.11
10:14:44 AM, 97.98, 165.3977, 0.5718, 35, 23.33
10:14:45 AM, 98.17, 165.7972, 0.5279, 31, 24.11
10:14:46 AM, 98.17, 165.7972, 0.5376, 31, 27.99
10:14:47 AM, 98.17, 165.9969, 0.5376, 35, 24.30
10:14:48 AM, 98.17, 165.7972, 0.5670, 31, 24.11
10:14:49 AM, 98.17, 165.7972, 0.5279, 31, 23.52
10:14:50 AM, 98.17, 165.9969, 0.5132, 35, 23.91
10:14:51 AM, 98.17, 165.5974, 0.5474, 35, 25.27
10:14:52 AM, 98.17, 166.1967, 0.5181, 35, 24.11
10:14:53 AM, 98.17, 165.9969, 0.5181, 35, 23.72
10:14:54 AM, 97.98, 166.1967, 0.5034, 31, 27.99
10:14:55 AM, 97.98, 165.7972, 0.5279, 31, 23.72
10:14:56 AM, 97.78, 165.9969, 0.5425, 35, 23.33
10:14:57 AM, 97.98, 165.3977, 0.5572, 31, 24.11
10:14:58 AM, 97.78, 165.5974, 0.5474, 35, 23.33
10:14:59 AM, 97.98, 165.3977, 0.5621, 35, 23.91
10:15:00 AM, 97.98, 165.7972, 0.5279, 35, 23.72
10:15:01 AM, 97.98, 165.7972, 0.5572, 35, 23.52
10:15:02 AM, 97.98, 165.7972, 0.5621, 35, 23.52
10:15:03 AM, 97.98, 165.3977, 0.5572, 31, 23.52
10:15:04 AM, 98.17, 165.9969, 0.5572, 35, 22.74
10:15:05 AM, 97.98, 166.1967, 0.5474, 35, 22.74
10:15:06 AM, 97.98, 165.7972, 0.5327, 35, 23.52
10:15:07 AM, 97.78, 165.7972, 0.5376, 35, 23.33
10:15:08 AM, 97.59, 165.5974, 0.5865, 35, 21.58
10:15:09 AM, 97.59, 164.9981, 0.5670, 31, 24.30
10:15:10 AM, 97.78, 165.1979, 0.5914, 35, 24.30
10:15:11 AM, 97.78, 165.5974, 0.5083, 35, 24.11
10:15:12 AM, 97.59, 165.3977, 0.6305, 35, 24.11
10:15:13 AM, 97.59, 165.1979, 0.5865, 31, 23.72
10:15:14 AM, 97.59, 165.1979, 0.5914, 31, 23.33
10:15:15 AM, 97.78, 165.3977, 0.5865, 31, 23.72
10:15:16 AM, 97.78, 165.3977, 0.5963, 31, 23.72
10:15:17 AM, 97.59, 166.1967, 0.5621, 35, 24.11
10:15:18 AM, 97.78, 165.1979, 0.5914, 31, 22.94
10:15:19 AM, 97.59, 164.9981, 0.5865, 35, 24.11
10:15:20 AM, 97.78, 165.3977, 0.6256, 31, 24.11
10:15:21 AM, 97.78, 165.3977, 0.5865, 31, 23.52
10:15:22 AM, 97.59, 165.3977, 0.5523, 31, 24.11
10:15:23 AM, 97.78, 165.5974, 0.5914, 35, 23.91
10:15:24 AM, 97.98, 165.5974, 0.5767, 31, 23.33
10:15:25 AM, 97.98, 165.9969, 0.5572, 35, 23.72
10:15:26 AM, 98.17, 165.9969, 0.5279, 31, 23.91
10:15:27 AM, 97.78, 168.5937, 0.5425, 35, 23.91
10:15:28 AM, 97.98, 165.1979, 0.5767, 31, 23.91
