Time, Heater Temp[C], Heater Voltage[V], Sense Voltage[V], Fan Speed[%], Ambient Temp[C]
10:34:25 AM, 97.01, 164.1991, 0.6354, 55, 23.52
10:34:26 AM, 97.01, 164.1991, 0.6256, 55, 29.94
10:34:27 AM, 96.81, 164.1991, 0.6012, 51, 24.11
10:34:28 AM, 97.01, 163.9994, 0.6549, 55, 23.72
10:34:29 AM, 97.01, 164.1991, 0.6549, 55, 23.72
10:34:30 AM, 97.01, 164.5986, 0.6256, 55, 23.33
10:34:31 AM, 97.20, 163.7996, 0.6403, 55, 24.11
10:34:32 AM, 97.20, 164.3989, 0.6109, 51, 23.91
10:34:33 AM, 97.20, 164.5986, 0.6256, 51, 24.11
10:34:34 AM, 97.20, 164.5986, 0.6207, 55, 23.33
10:34:35 AM, 97.20, 164.5986, 0.6061, 55, 24.11
10:34:36 AM, 97.01, 164.5986, 0.6256, 51, 23.72
10:34:37 AM, 96.81, 164.5986, 0.6354, 55, 23.33
10:34:38 AM, 96.62, 163.9994, 0.6549, 55, 23.52
10:34:39 AM, 96.81, 163.9994, 0.6745, 55, 24.11
10:34:40 AM, 97.01, 163.7996, 0.6696, 51, 24.69
10:34:41 AM, 97.01, 166.9957, 0.6452, 51, 23.52
10:34:42 AM, 97.20, 164.5986, 0.6305, 55, 23.52
10:34:43 AM, 97.01, 164.1991, 0.6305, 51, 24.11
10:34:44 AM, 97.01, 164.1991, 0.6403, 51, 24.11
10:34:45 AM, 97.01, 164.3989, 0.6403, 55, 23.33
10:34:46 AM, 97.01, 164.3989, 0.6549, 55, 24.11
10:34:47 AM, 97.20, 164.5986, 0.6109, 55, 23.72
10:34:48 AM, 97.01, 163.7996, 0.6109, 55, 24.11
10:34:49 AM, 96.62, 163.9994, 0.6500, 55, 23.33
10:34:50 AM, 96.62, 163.7996, 0.6696, 55, 23.33
10:34:51 AM, 96.81, 166.1967, 0.6843, 55, 24.11
10:34:52 AM, 97.01, 163.9994, 0.6452, 51, 24.11
10:34:53 AM, 97.01, 162.8008, 0.6452, 55, 24.11
10:34:54 AM, 97.01, 164.1991, 0.6452, 51, 23.72
10:34:55 AM, 97.01, 164.3989, 0.6354, 55, 24.11
10:34:56 AM, 96.62, 163.5999, 0.6598, 55, 24.11
10:34:57 AM, 96.62, 163.7996, 0.6500, 55, 23.13
10:34:58 AM, 96.81, 163.7996, 0.6647, 55, 24.88
10:34:59 AM, 97.01, 164.1991, 0.6647, 51, 24.11
10:35:00 AM, 97.01, 164.3989, 0.6452, 55, 24.11
10:35:01 AM, 97.01, 164.1991, 0.6305, 55, 23.13
10:35:02 AM, 96.62, 163.7996, 0.6354, 55, 24.11
10:35:03 AM, 96.81, 163.7996, 0.6549, 55, 23.72
10:35:04 AM, 97.01, 163.4001, 0.6549, 55, 23.72
10:35:05 AM, 97.01, 163.5999, 0.6354, 51, 24.11
10:35:06 AM, 97.01, 164.1991, 0.6256, 55, 23.72
10:35:07 AM, 96.81, 164.1991, 0.6354, 55, 23.91
10:35:08 AM, 96.62, 164.5986, 0.6647, 51, 22.55
10:35:09 AM, 96.42, 163.7996, 0.6696, 55, 23.13
10:35:10 AM, 96.62, 163.7996, 0.6794, 55, 23.33
10:35:11 AM, 96.62, 163.9994, 0.6745, 55, 24.11
10:35:12 AM, 96.42, 163.7996, 0.6794, 55, 23.72
10:35:13 AM, 96.42, 163.5999, 0.6745, 55, 23.91
10:35:14 AM, 96.62, 163.7996, 0.6745, 51, 23.33
10:35:15 AM, 96.81, 164.1991, 0.6745, 55, 24.11
10:35:16 AM, 97.01, 163.7996, 0.6452, 55, 23.91
10:35:17 AM, 97.01, 164.1991, 0.6843, 55, 24.11
10:35:18 AM, 96.81, 164.1991, 0.6256, 51, 24.30
10:35:19 AM, 96.62, 163.4001, 0.6891, 51, 23.72
10:35:20 AM, 96.62, 163.5999, 0.6598, 55, 24.11
10:35:21 AM, 96.42, 163.5999, 0.6794, 55, 24.11
10:35:22 AM, 96.42, 163.5999, 0.6794, 55, 24.11
10:35:23 AM, 96.62, 163.5999, 0.6647, 51, 23.72
10:35:24 AM, 96.62, 163.7996, 0.6647, 51, 23.13
10:35:25 AM, 96.81, 163.5999, 0.6647, 51, 23.72
10:35:26 AM, 97.01, 163.7996, 0.6158, 51, 22.94
10:35:27 AM, 97.20, 164.1991, 0.6354, 55, 23.72
10:35:28 AM, 97.01, 164.3989, 0.6305, 55, 23.72
10:35:29 AM, 97.01, 164.1991, 0.6256, 51, 23.72
10:35:30 AM, 97.01, 164.3989, 0.6354, 55, 21.58
10:35:31 AM, 97.01, 164.1991, 0.6207, 51, 23.91
10:35:32 AM, 97.01, 163.9994, 0.6452, 51, 23.72
10:35:33 AM, 96.62, 163.7996, 0.6647, 51, 23.72
10:35:34 AM, 96.42, 163.9994, 0.6745, 55, 23.72
10:35:35 AM, 96.62, 163.4001, 0.6843, 51, 23.91
10:35:36 AM, 96.81, 163.7996, 0.6696, 55, 24.88
10:35:37 AM, 97.01, 163.4001, 0.6647, 55, 23.52
10:35:38 AM, 97.01, 164.3989, 0.6109, 55, 24.11
10:35:39 AM, 96.81, 164.1991, 0.6354, 55, 23.72
10:35:40 AM, 96.81, 163.9994, 0.6549, 55, 24.11
10:35:41 AM, 96.81, 163.7996, 0.6647, 55, 23.72
10:35:42 AM, 96.81, 163.7996, 0.6696, 55, 23.72
10:35:43 AM, 96.81, 163.7996, 0.6549, 55, 24.11
10:35:44 AM, 96.62, 163.9994, 0.6598, 51, 23.72
10:35:45 AM, 96.42, 163.7996, 0.6745, 55, 24.49
10:35:46 AM, 96.42, 164.3989, 0.6843, 55, 23.33
10:35:47 AM, 96.62, 163.5999, 0.6598, 55, 24.49
10:35:48 AM, 97.01, 163.9994, 0.6598, 51, 23.72
10:35:49 AM, 97.01, 163.9994, 0.6403, 55, 23.33
10:35:50 AM, 97.01, 163.7996, 0.6354, 51, 23.33
10:35:51 AM, 97.01, 164.1991, 0.6109, 51, 23.52
10:35:52 AM, 97.01, 164.1991, 0.6158, 55, 23.72
10:35:53 AM, 97.01, 164.1991, 0.6354, 55, 23.72
10:35:54 AM, 97.01, 164.1991, 0.6061, 55, 23.72
10:35:55 AM, 97.01, 164.1991, 0.6158, 55, 25.86
10:35:56 AM, 96.81, 163.9994, 0.6549, 55, 24.11
10:35:57 AM, 96.81, 164.1991, 0.6598, 55, 26.05
10:35:58 AM, 96.81, 163.5999, 0.6549, 51, 23.91
10:35:59 AM, 96.62, 163.4001, 0.6647, 55, 24.11
10:36:00 AM, 96.42, 163.5999, 0.6794, 51, 24.11
10:36:01 AM, 96.42, 162.8008, 0.6696, 55, 24.11
10:36:02 AM, 96.62, 163.4001, 0.6843, 55, 25.66
10:36:03 AM, 96.81, 163.7996, 0.6452, 55, 23.91
10:36:04 AM, 97.01, 163.7996, 0.6647, 55, 23.72
10:36:05 AM, 97.01, 164.1991, 0.6354, 55, 24.11
10:36:06 AM, 96.81, 164.1991, 0.6061, 55, 24.11
10:36:07 AM, 96.81, 163.5999, 0.6598, 55, 22.55
10:36:08 AM, 96.81, 163.9994, 0.6598, 55, 23.72
10:36:09 AM, 96.81, 164.5986, 0.6598, 55, 23.33
10:36:10 AM, 96.62, 163.9994, 0.6598, 51, 24.11
10:36:11 AM, 96.42, 163.7996, 0.6745, 55, 24.11
10:36:12 AM, 96.42, 163.7996, 0.6843, 55, 22.94
10:36:13 AM, 96.62, 163.4001, 0.6940, 55, 26.24
10:36:14 AM, 96.81, 163.7996, 0.6843, 55, 23.72
10:36:15 AM, 96.81, 164.1991, 0.6354, 55, 26.05
10:36:16 AM, 96.81, 163.9994, 0.6647, 55, 24.49
10:36:17 AM, 97.01, 163.7996, 0.6647, 51, 24.11
10:36:18 AM, 96.62, 163.7996, 0.6452, 51, 24.11
10:36:19 AM, 96.81, 163.7996, 0.6452, 51, 24.11
10:36:20 AM, 96.81, 164.1991, 0.6549, 51, 25.86
10:36:21 AM, 96.81, 163.9994, 0.6256, 51, 23.52
10:36:22 AM, 97.01, 163.4001, 0.6745, 55, 24.49
10:36:23 AM, 97.01, 164.3989, 0.6158, 55, 24.11
10:36:24 AM, 97.01, 164.1991, 0.6452, 55, 23.33
10:36:25 AM, 96.62, 163.9994, 0.6647, 51, 23.91
10:36:26 AM, 96.81, 163.7996, 0.6794, 55, 24.11
10:36:27 AM, 97.01, 163.4001, 0.6647, 51, 24.30
10:36:28 AM, 97.01, 164.1991, 0.6354, 51, 24.11
10:36:29 AM, 96.81, 164.1991, 0.6354, 51, 23.52
10:36:30 AM, 96.81, 163.7996, 0.6598, 51, 23.91
10:36:31 AM, 96.81, 163.7996, 0.6354, 55, 24.30
10:36:32 AM, 97.01, 163.9994, 0.6696, 55, 24.49
10:36:33 AM, 96.62, 164.3989, 0.6500, 51, 23.72
10:36:34 AM, 96.62, 163.4001, 0.6794, 55, 23.91
10:36:35 AM, 96.81, 163.4001, 0.6500, 55, 23.52
10:36:36 AM, 97.01, 163.4001, 0.6647, 55, 23.52
10:36:37 AM, 97.01, 164.3989, 0.6452, 55, 23.52
10:36:38 AM, 96.81, 164.1991, 0.6354, 51, 23.52
10:36:39 AM, 96.81, 163.5999, 0.6549, 55, 23.72
10:36:40 AM, 97.01, 163.7996, 0.6305, 55, 23.91
10:36:41 AM, 97.01, 164.1991, 0.6109, 55, 24.11
10:36:42 AM, 96.81, 164.3989, 0.6354, 55, 23.91
10:36:43 AM, 96.81, 163.7996, 0.6647, 55, 23.72
10:36:44 AM, 96.81, 163.4001, 0.6452, 55, 24.11
10:36:45 AM, 97.01, 163.7996, 0.6452, 55, 24.11
10:36:46 AM, 97.01, 164.1991, 0.6354, 55, 24.49
10:36:47 AM, 96.62, 164.3989, 0.6354, 55, 23.52
10:36:48 AM, 96.23, 163.4001, 0.6940, 51, 23.72
10:36:49 AM, 96.42, 163.0006, 0.7136, 55, 22.94
10:36:50 AM, 96.42, 163.5999, 0.6647, 55, 24.11
10:36:51 AM, 96.23, 163.5999, 0.6843, 51, 22.55
10:36:52 AM, 96.03, 163.2003, 0.7527, 55, 24.11
10:36:53 AM, 96.03, 166.1967, 0.7136, 55, 24.11
10:36:54 AM, 96.23, 163.2003, 0.6891, 55, 23.72
10:36:55 AM, 96.62, 163.7996, 0.6207, 55, 23.72
10:36:56 AM, 96.81, 163.2003, 0.6745, 55, 23.91
10:36:57 AM, 96.62, 163.9994, 0.6647, 55, 24.30
10:36:58 AM, 96.42, 163.7996, 0.6500, 51, 23.91
10:36:59 AM, 96.42, 163.5999, 0.6598, 51, 25.66
10:37:00 AM, 96.62, 163.2003, 0.6843, 55, 23.72
10:37:01 AM, 96.81, 163.7996, 0.6647, 51, 23.13
10:37:02 AM, 96.81, 163.2003, 0.6696, 51, 23.72
10:37:03 AM, 97.01, 163.7996, 0.6403, 51, 23.91
10:37:04 AM, 97.01, 164.3989, 0.6452, 51, 24.11
10:37:05 AM, 97.01, 164.3989, 0.6354, 55, 23.72
10:37:06 AM, 97.01, 164.3989, 0.6158, 55, 23.91
10:37:07 AM, 97.01, 164.3989, 0.6354, 51, 23.72
10:37:08 AM, 97.01, 164.1991, 0.6305, 55, 24.11
10:37:09 AM, 97.01, 164.1991, 0.6012, 55, 23.72
10:37:10 AM, 97.01, 164.1991, 0.6354, 55, 24.88
10:37:11 AM, 97.01, 164.1991, 0.6109, 55, 24.11
10:37:12 AM, 97.01, 164.1991, 0.6305, 55, 23.72
10:37:13 AM, 97.01, 164.1991, 0.6305, 55, 24.11
10:37:14 AM, 97.01, 164.1991, 0.6305, 55, 23.72
10:37:15 AM, 97.01, 164.1991, 0.6354, 51, 23.91
10:37:16 AM, 96.81, 164.1991, 0.6354, 55, 23.72
10:37:17 AM, 96.81, 163.7996, 0.6598, 55, 24.11
10:37:18 AM, 96.81, 163.9994, 0.6549, 55, 23.72
10:37:19 AM, 97.01, 163.7996, 0.6696, 55, 23.91
10:37:20 AM, 96.62, 164.1991, 0.6452, 55, 24.11
10:37:21 AM, 96.42, 163.7996, 0.6500, 51, 23.72
10:37:22 AM, 96.62, 163.4001, 0.6745, 55, 24.30
10:37:23 AM, 96.81, 163.7996, 0.6745, 55, 23.72
10:37:24 AM, 97.01, 163.7996, 0.6403, 55, 23.91
10:37:25 AM, 96.62, 164.1991, 0.6207, 55, 24.49
10:37:26 AM, 96.62, 163.7996, 0.6696, 55, 23.72
10:37:27 AM, 96.62, 163.9994, 0.6452, 55, 24.11
10:37:28 AM, 96.81, 163.5999, 0.6794, 55, 23.72
10:37:29 AM, 96.81, 163.7996, 0.6647, 55, 24.11
10:37:30 AM, 96.62, 163.7996, 0.6647, 55, 23.72
10:37:31 AM, 96.42, 163.5999, 0.6647, 55, 24.11
10:37:32 AM, 96.62, 163.4001, 0.6843, 51, 24.11
10:37:33 AM, 96.81, 163.7996, 0.6794, 55, 23.72
10:37:34 AM, 97.01, 163.9994, 0.6598, 55, 23.52
10:37:35 AM, 97.01, 164.1991, 0.6354, 55, 22.94
10:37:36 AM, 97.01, 163.7996, 0.6403, 55, 24.11
10:37:37 AM, 96.81, 164.5986, 0.6403, 55, 23.13
10:37:38 AM, 96.81, 164.1991, 0.6207, 55, 24.11
10:37:39 AM, 97.01, 163.7996, 0.6500, 51, 23.91
10:37:40 AM, 97.01, 164.1991, 0.6403, 51, 23.13
10:37:41 AM, 96.62, 164.3989, 0.6403, 55, 23.52
10:37:42 AM, 96.81, 163.7996, 0.6403, 55, 24.11
10:37:43 AM, 96.81, 164.1991, 0.6598, 51, 26.05
10:37:44 AM, 96.81, 163.9994, 0.6549, 55, 24.11
10:37:45 AM, 97.01, 163.5999, 0.6500, 55, 23.52
10:37:46 AM, 96.62, 164.3989, 0.6354, 55, 22.74
10:37:47 AM, 96.42, 163.0006, 0.7038, 55, 24.11
10:37:48 AM, 96.62, 163.4001, 0.6745, 55, 23.72
10:37:49 AM, 96.81, 163.5999, 0.6647, 55, 23.91
10:37:50 AM, 96.62, 163.9994, 0.6647, 55, 23.72
10:37:51 AM, 96.42, 163.7996, 0.6745, 55, 24.11
10:37:52 AM, 96.23, 163.5999, 0.6843, 55, 23.72
10:37:53 AM, 96.23, 163.4001, 0.6794, 55, 23.91
10:37:54 AM, 96.62, 163.7996, 0.6843, 55, 23.33
10:37:55 AM, 96.81, 163.7996, 0.6500, 55, 23.52
10:37:56 AM, 97.01, 163.7996, 0.7038, 55, 23.91
10:37:57 AM, 96.62, 163.9994, 0.6109, 55, 23.33
10:37:58 AM, 96.42, 163.5999, 0.6745, 51, 24.11
10:37:59 AM, 96.42, 163.4001, 0.6843, 55, 23.72
10:38:00 AM, 96.62, 163.4001, 0.6794, 55, 24.11
10:38:01 AM, 96.62, 163.0006, 0.6745, 55, 23.72
10:38:02 AM, 97.01, 163.7996, 0.6696, 55, 23.52
10:38:03 AM, 97.01, 164.1991, 0.6354, 55, 23.52
10:38:04 AM, 97.01, 163.7996, 0.6452, 55, 24.11
10:38:05 AM, 96.81, 164.3989, 0.6452, 51, 23.33
10:38:06 AM, 96.81, 163.7996, 0.6745, 55, 23.72
10:38:07 AM, 96.81, 163.7996, 0.6647, 55, 24.11
10:38:08 AM, 97.01, 163.4001, 0.6647, 55, 23.72
10:38:09 AM, 97.20, 164.1991, 0.6158, 51, 24.30
10:38:10 AM, 97.01, 164.3989, 0.6207, 51, 23.33
10:38:11 AM, 97.01, 164.3989, 0.6794, 55, 24.11
10:38:12 AM, 97.01, 164.1991, 0.6403, 55, 23.72
10:38:13 AM, 97.01, 164.1991, 0.6354, 55, 23.72
10:38:14 AM, 97.01, 164.1991, 0.6500, 55, 24.11
10:38:15 AM, 97.01, 164.3989, 0.6403, 55, 23.91
10:38:16 AM, 96.62, 164.5986, 0.6256, 55, 23.52
10:38:17 AM, 96.62, 163.7996, 0.6745, 55, 24.11
10:38:18 AM, 96.81, 163.5999, 0.6598, 55, 24.30
10:38:19 AM, 97.01, 163.7996, 0.6500, 55, 24.11
10:38:20 AM, 97.01, 163.9994, 0.6305, 55, 24.30
10:38:21 AM, 96.81, 163.4001, 0.6403, 55, 23.33
10:38:22 AM, 96.62, 163.7996, 0.6549, 55, 23.52
10:38:23 AM, 96.62, 163.5999, 0.6500, 55, 23.72
10:38:24 AM, 96.81, 163.7996, 0.6452, 55, 23.52
10:38:25 AM, 96.62, 163.7996, 0.6256, 55, 24.11
10:38:26 AM, 96.42, 163.7996, 0.6598, 55, 23.72
10:38:27 AM, 96.42, 163.4001, 0.6598, 55, 24.49
10:38:28 AM, 96.42, 163.4001, 0.6843, 55, 25.66
10:38:29 AM, 96.42, 163.4001, 0.6696, 55, 23.52
10:38:30 AM, 96.42, 163.4001, 0.6794, 55, 23.52
10:38:31 AM, 96.23, 163.5999, 0.6745, 51, 23.72
10:38:32 AM, 96.42, 163.2003, 0.7136, 55, 23.91
10:38:33 AM, 96.62, 163.4001, 0.6696, 55, 23.91
10:38:34 AM, 96.81, 163.7996, 0.6598, 55, 23.33
10:38:35 AM, 97.01, 163.7996, 0.6549, 55, 23.72
10:38:36 AM, 96.81, 164.1991, 0.6207, 55, 23.72
10:38:37 AM, 96.42, 163.5999, 0.6598, 55, 24.49
10:38:38 AM, 96.42, 163.7996, 0.6843, 55, 23.72
10:38:39 AM, 96.81, 163.7996, 0.6403, 55, 24.49
10:38:40 AM, 97.01, 163.7996, 0.6647, 55, 24.11
10:38:41 AM, 96.81, 164.1991, 0.6843, 51, 24.11
10:38:42 AM, 96.42, 163.9994, 0.6598, 55, 24.11
10:38:43 AM, 96.42, 163.2003, 0.6843, 55, 23.33
10:38:44 AM, 96.62, 163.4001, 0.6696, 55, 23.91
10:38:45 AM, 96.81, 163.5999, 0.6452, 55, 24.11
10:38:46 AM, 96.62, 163.7996, 0.6745, 55, 24.49
10:38:47 AM, 96.42, 163.2003, 0.6843, 51, 23.33
10:38:48 AM, 96.23, 163.0006, 0.7038, 51, 24.11
10:38:49 AM, 96.42, 163.0006, 0.7038, 55, 23.72
10:38:50 AM, 96.62, 163.4001, 0.6843, 55, 23.91
10:38:51 AM, 96.62, 163.5999, 0.6696, 51, 24.11
10:38:52 AM, 96.42, 166.5962, 0.6843, 55, 23.72
10:38:53 AM, 96.42, 162.8008, 0.7038, 51, 23.52
10:38:54 AM, 96.62, 163.4001, 0.6745, 55, 24.30
10:38:55 AM, 96.81, 163.7996, 0.6794, 55, 24.11
10:38:56 AM, 97.01, 164.1991, 0.6354, 55, 23.33
10:38:57 AM, 97.01, 164.1991, 0.6256, 51, 24.11
10:38:58 AM, 96.81, 164.1991, 0.6354, 55, 24.30
10:38:59 AM, 96.81, 163.7996, 0.6549, 55, 23.72
10:39:00 AM, 96.81, 164.1991, 0.6598, 55, 21.58
10:39:01 AM, 97.01, 164.5986, 0.6354, 55, 22.94
10:39:02 AM, 96.62, 164.1991, 0.6354, 51, 24.11
10:39:03 AM, 96.42, 163.7996, 0.6745, 55, 23.72
10:39:04 AM, 96.42, 163.5999, 0.6598, 55, 23.91
10:39:05 AM, 96.62, 163.5999, 0.6843, 55, 23.52
10:39:06 AM, 96.81, 163.4001, 0.6549, 55, 23.91
10:39:07 AM, 97.01, 163.7996, 0.6403, 51, 23.72
10:39:08 AM, 97.01, 164.5986, 0.6354, 55, 23.72
10:39:09 AM, 96.81, 164.1991, 0.6256, 51, 23.33
10:39:10 AM, 96.81, 163.7996, 0.6598, 55, 23.72
10:39:11 AM, 97.01, 163.7996, 0.6256, 55, 24.30
10:39:12 AM, 97.01, 164.1991, 0.6989, 55, 24.11
10:39:13 AM, 96.81, 164.1991, 0.6207, 51, 23.91
10:39:14 AM, 96.42, 163.9994, 0.6696, 51, 23.72
10:39:15 AM, 96.42, 163.5999, 0.6940, 55, 24.11
10:39:16 AM, 96.62, 163.7996, 0.6696, 51, 23.72
10:39:17 AM, 96.81, 164.5986, 0.6745, 55, 23.33
10:39:18 AM, 97.01, 163.7996, 0.6354, 55, 23.72
10:39:19 AM, 96.62, 164.5986, 0.6354, 55, 23.72
10:39:20 AM, 96.42, 163.4001, 0.6452, 51, 24.11
10:39:21 AM, 96.62, 163.5999, 0.6843, 51, 23.13
10:39:22 AM, 96.81, 163.7996, 0.6745, 51, 23.13
10:39:23 AM, 96.81, 163.7996, 0.6354, 51, 23.33
10:39:24 AM, 96.81, 163.7996, 0.6598, 55, 23.91
10:39:25 AM, 96.81, 163.7996, 0.6598, 55, 24.11
10:39:26 AM, 97.01, 163.7996, 0.6549, 55, 24.11
10:39:27 AM, 97.01, 164.1991, 0.6256, 55, 24.49
10:39:28 AM, 96.81, 164.1991, 0.6207, 51, 24.11
10:39:29 AM, 96.81, 163.7996, 0.6452, 55, 23.91
10:39:30 AM, 96.81, 163.7996, 0.6647, 55, 24.11
10:39:31 AM, 96.81, 163.7996, 0.6696, 55, 24.11
10:39:32 AM, 96.62, 163.9994, 0.6745, 55, 24.11
10:39:33 AM, 96.62, 163.4001, 0.6794, 55, 23.52
10:39:34 AM, 96.42, 163.7996, 0.6794, 55, 24.11
10:39:35 AM, 96.62, 163.5999, 0.6647, 51, 24.11
10:39:36 AM, 96.81, 163.7996, 0.6598, 55, 23.33
10:39:37 AM, 97.01, 163.7996, 0.6452, 55, 24.11
10:39:38 AM, 97.01, 164.3989, 0.6403, 55, 23.33
10:39:39 AM, 96.62, 164.1991, 0.6256, 55, 24.11
10:39:40 AM, 96.23, 163.9994, 0.6452, 55, 23.33
10:39:41 AM, 96.42, 163.2003, 0.7136, 55, 24.11
10:39:42 AM, 96.62, 163.4001, 0.6891, 55, 23.72
10:39:43 AM, 96.62, 163.7996, 0.6745, 55, 23.91
10:39:44 AM, 96.42, 163.5999, 0.6598, 51, 23.91
10:39:45 AM, 96.62, 162.8008, 0.6843, 55, 23.72
10:39:46 AM, 96.81, 165.7972, 0.6696, 55, 23.72
10:39:47 AM, 96.81, 163.7996, 0.6549, 55, 24.11
10:39:48 AM, 96.81, 163.7996, 0.6598, 55, 23.52
10:39:49 AM, 96.62, 163.7996, 0.6549, 55, 24.11
10:39:50 AM, 96.42, 163.7996, 0.7087, 55, 21.58
10:39:51 AM, 96.62, 164.5986, 0.6940, 55, 23.33
10:39:52 AM, 96.81, 163.4001, 0.6745, 51, 24.11
10:39:53 AM, 96.62, 163.7996, 0.6647, 51, 23.91
10:39:54 AM, 96.42, 163.7996, 0.6745, 55, 24.11
10:39:55 AM, 96.62, 163.4001, 0.6647, 55, 23.91
10:39:56 AM, 96.81, 163.7996, 0.6745, 55, 23.33
10:39:57 AM, 97.01, 163.7996, 0.6647, 55, 24.30
10:39:58 AM, 97.01, 164.3989, 0.6256, 55, 24.30
10:39:59 AM, 97.01, 164.3989, 0.6403, 55, 23.72
10:40:00 AM, 96.62, 164.3989, 0.6403, 51, 24.11
10:40:01 AM, 96.42, 163.7996, 0.6794, 55, 23.91
10:40:02 AM, 96.62, 163.7996, 0.6843, 55, 24.49
